1 27 19 23
2 19 17 23
3 30 22 27
4 22 19 27
5 32 26 30
6 26 22 30
7 37 31 32
8 31 26 32
9 42 38 37
10 38 31 37
11 46 43 42
12 43 38 42
13 52 48 46
14 48 43 46
15 57 53 52
16 53 48 52
17 63 59 57
18 59 53 57
19 69 65 63
20 65 59 63
21 74 71 69
22 71 65 69
23 79 77 74
24 77 71 74
25 84 83 79
26 83 77 79
27 90 89 84
28 89 83 84
29 96 95 90
30 95 89 90
31 102 101 96
32 101 95 96
33 108 107 102
34 107 101 102
35 114 113 108
36 113 107 108
37 120 119 114
38 119 113 114
39 126 125 120
40 125 119 120
41 132 131 126
42 131 125 126
43 138 137 132
44 137 131 132
45 144 143 138
46 143 137 138
47 150 149 144
48 149 143 144
49 156 155 150
50 155 149 150
51 162 161 156
52 161 155 156
53 168 167 162
54 167 161 162
55 174 173 168
56 173 167 168
57 180 179 174
58 179 173 174
59 186 185 180
60 185 179 180
61 19 13 17
62 13 11 17
63 22 15 19
64 15 13 19
65 26 20 22
66 20 15 22
67 31 25 26
68 25 20 26
69 38 33 31
70 33 25 31
71 43 39 38
72 39 33 38
73 48 45 43
74 45 39 43
75 53 51 48
76 51 45 48
77 59 58 53
78 58 51 53
79 65 64 59
80 64 58 59
81 71 70 65
82 70 64 65
83 77 76 71
84 76 70 71
85 83 82 77
86 82 76 77
87 89 88 83
88 88 82 83
89 95 94 89
90 94 88 89
91 101 100 95
92 100 94 95
93 107 106 101
94 106 100 101
95 113 112 107
96 112 106 107
97 119 118 113
98 118 112 113
99 125 124 119
100 124 118 119
101 131 130 125
102 130 124 125
103 137 136 131
104 136 130 131
105 143 142 137
106 142 136 137
107 149 148 143
108 148 142 143
109 155 154 149
110 154 148 149
111 161 160 155
112 160 154 155
113 167 166 161
114 166 160 161
115 173 172 167
116 172 166 167
117 179 178 173
118 178 172 173
119 185 184 179
120 184 178 179
121 13 7 11
122 7 5 11
123 15 9 13
124 9 7 13
125 20 14 15
126 14 9 15
127 25 21 20
128 21 14 20
129 33 29 25
130 29 21 25
131 39 36 33
132 36 29 33
133 45 44 39
134 44 36 39
135 51 50 45
136 50 44 45
137 58 56 51
138 56 50 51
139 64 62 58
140 62 56 58
141 70 68 64
142 68 62 64
143 76 75 70
144 75 68 70
145 82 81 76
146 81 75 76
147 88 87 82
148 87 81 82
149 94 93 88
150 93 87 88
151 100 99 94
152 99 93 94
153 106 105 100
154 105 99 100
155 112 111 106
156 111 105 106
157 118 117 112
158 117 111 112
159 124 123 118
160 123 117 118
161 130 129 124
162 129 123 124
163 136 135 130
164 135 129 130
165 142 141 136
166 141 135 136
167 148 147 142
168 147 141 142
169 154 153 148
170 153 147 148
171 160 159 154
172 159 153 154
173 166 165 160
174 165 159 160
175 172 171 166
176 171 165 166
177 178 177 172
178 177 171 172
179 184 183 178
180 183 177 178
181 7 4 5
182 4 2 5
183 9 8 7
184 8 4 7
185 14 12 9
186 12 8 9
187 21 18 14
188 18 12 14
189 29 28 21
190 28 18 21
191 36 35 29
192 35 28 29
193 44 41 36
194 41 35 36
195 50 49 44
196 49 41 44
197 56 55 50
198 55 49 50
199 62 61 56
200 61 55 56
201 68 67 62
202 67 61 62
203 75 73 68
204 73 67 68
205 81 80 75
206 80 73 75
207 87 86 81
208 86 80 81
209 93 92 87
210 92 86 87
211 99 98 93
212 98 92 93
213 105 104 99
214 104 98 99
215 111 110 105
216 110 104 105
217 117 116 111
218 116 110 111
219 123 122 117
220 122 116 117
221 129 128 123
222 128 122 123
223 135 134 129
224 134 128 129
225 141 140 135
226 140 134 135
227 147 146 141
228 146 140 141
229 153 152 147
230 152 146 147
231 159 158 153
232 158 152 153
233 165 164 159
234 164 158 159
235 171 170 165
236 170 164 165
237 177 176 171
238 176 170 171
239 183 182 177
240 182 176 177
241 4 3 2
242 3 1 2
243 8 6 4
244 6 3 4
245 12 10 8
246 10 6 8
247 18 16 12
248 16 10 12
249 28 24 18
250 24 16 18
251 35 34 28
252 34 24 28
253 41 40 35
254 40 34 35
255 49 47 41
256 47 40 41
257 55 54 49
258 54 47 49
259 61 60 55
260 60 54 55
261 67 66 61
262 66 60 61
263 73 72 67
264 72 66 67
265 80 78 73
266 78 72 73
267 86 85 80
268 85 78 80
269 92 91 86
270 91 85 86
271 98 97 92
272 97 91 92
273 104 103 98
274 103 97 98
275 110 109 104
276 109 103 104
277 116 115 110
278 115 109 110
279 122 121 116
280 121 115 116
281 128 127 122
282 127 121 122
283 134 133 128
284 133 127 128
285 140 139 134
286 139 133 134
287 146 145 140
288 145 139 140
289 152 151 146
290 151 145 146
291 158 157 152
292 157 151 152
293 164 163 158
294 163 157 158
295 170 169 164
296 169 163 164
297 176 175 170
298 175 169 170
299 182 181 176
300 181 175 176
