0	0	0.5	5.55812e-07	3.09872e-07
1	0	0.4	4.79468e-07	3.09269e-07
2	0.1	0.5	5.56415e-07	2.34647e-07
3	0.1	0.4	4.81859e-07	2.32503e-07
4	0	0.3	3.90934e-07	3.02513e-07
5	0.2	0.5	5.62677e-07	1.71046e-07
6	0.1	0.3	3.88642e-07	2.19734e-07
7	0.2	0.4	4.96709e-07	1.73705e-07
8	0.2	0.3	4.03668e-07	1.65881e-07
9	0.3	0.5	5.90574e-07	1.26757e-07
10	0	0.2	2.8341e-07	2.69723e-07
11	0.3	0.4	5.38095e-07	1.39642e-07
12	0.1	0.2	2.70229e-07	1.8136e-07
13	0.3	0.3	4.48841e-07	1.43342e-07
14	0.2	0.2	2.82226e-07	1.36515e-07
15	0.4	0.5	6.55826e-07	1.04843e-07
16	0	0.1	1.55048e-07	1.84632e-07
17	0.4	0.4	6.1809e-07	1.31938e-07
18	0.1	0.1	1.27778e-07	1.03965e-07
19	0.3	0.2	3.25559e-07	1.27331e-07
20	0.4	0.3	5.31452e-07	1.49518e-07
21	0.2	0.1	1.42267e-07	8.25129e-08
22	0	0	0	0
23	0.5	0.5	7.72599e-07	1.04587e-07
24	0.4	0.2	3.98392e-07	1.43105e-07
25	0.3	0.1	1.74017e-07	8.31679e-08
26	0.1	0	0	0
27	0.5	0.4	7.47927e-07	1.49026e-07
28	0.5	0.3	6.58579e-07	1.81048e-07
29	0.2	0	0	0
30	0.4	0.1	2.20847e-07	9.82915e-08
31	0.3	0	0	0
32	0.5	0.2	5.04965e-07	1.80484e-07
33	0.6	0.5	9.54767e-07	1.24145e-07
34	0.6	0.4	9.40722e-07	1.89508e-07
35	0.6	0.3	8.41574e-07	2.37447e-07
36	0.4	0	0	0
37	0.5	0.1	2.85968e-07	1.26754e-07
38	0.6	0.2	6.5459e-07	2.4037e-07
39	0.7	0.5	1.2186e-06	1.63276e-07
40	0.7	0.4	1.21406e-06	2.54669e-07
41	0.5	0	0	0
42	0.6	0.1	3.75447e-07	1.70059e-07
43	0.7	0.3	1.0974e-06	3.21809e-07
44	0.7	0.2	8.61588e-07	3.27038e-07
45	0.6	0	0	0
46	0.8	0.5	1.58557e-06	2.25206e-07
47	0.7	0.1	4.98216e-07	2.31783e-07
48	0.8	0.4	1.59215e-06	3.49908e-07
49	0.8	0.3	1.45004e-06	4.41563e-07
50	0.8	0.2	1.1463e-06	4.48571e-07
51	0.7	0	0	0
52	0.8	0.1	6.66816e-07	3.1792e-07
53	0.9	0.5	2.08496e-06	3.18025e-07
54	0.9	0.4	2.10828e-06	4.86135e-07
55	0.9	0.3	1.93273e-06	6.09837e-07
56	0.8	0	0	0
57	0.9	0.2	1.53694e-06	6.18078e-07
58	0.9	0.1	8.98615e-07	4.37695e-07
59	1	0.5	2.75701e-06	4.56488e-07
60	1	0.4	2.80828e-06	6.81881e-07
61	1	0.3	2.59124e-06	8.47679e-07
62	0.9	0	0	0
63	1	0.2	2.07238e-06	8.55671e-07
64	1	0.1	1.21748e-06	6.04795e-07
65	1.1	0.5	3.65728e-06	6.64752e-07
66	1.1	0.4	3.75534e-06	9.66555e-07
67	1.1	0.3	3.48847e-06	1.18744e-06
68	1	0	0	0
69	1.1	0.2	2.80573e-06	1.19133e-06
70	1.1	0.1	1.65592e-06	8.39074e-07
71	1.2	0.5	4.86333e-06	9.80274e-07
72	1.2	0.4	5.03695e-06	1.38519e-06
73	1.1	0	0	0
74	1.2	0.3	4.71053e-06	1.67763e-06
75	1.2	0.2	3.80902e-06	1.66885e-06
76	1.2	0.1	2.25756e-06	1.16875e-06
77	1.3	0.5	6.4853e-06	1.45884e-06
78	1.2	0	0	0
79	1.3	0.4	6.77487e-06	2.00481e-06
80	1.3	0.3	6.37482e-06	2.38926e-06
81	1.3	0.2	5.17851e-06	2.35081e-06
82	1.3	0.1	3.07978e-06	1.63298e-06
83	1.3	0	0	0
84	1.4	0.5	8.68276e-06	2.18005e-06
85	1.4	0.4	9.13954e-06	2.92201e-06
86	1.4	0.3	8.6402e-06	3.42353e-06
87	1.4	0.2	7.04038e-06	3.32417e-06
88	1.4	0.1	4.19564e-06	2.28439e-06
89	1.4	0	0	0
90	1.5	0.5	1.16916e-05	3.25152e-06
91	1.5	0.4	1.23705e-05	4.27045e-06
92	1.5	0.3	1.17192e-05	4.9194e-06
93	1.5	0.2	9.55535e-06	4.70529e-06
94	1.5	0.1	5.69397e-06	3.19059e-06
95	1.5	0	0	0
96	1.6	0.5	1.58663e-05	4.8078e-06
97	1.6	0.4	1.68054e-05	6.22473e-06
98	1.6	0.3	1.58916e-05	7.05783e-06
99	1.6	0.2	1.29199e-05	6.64116e-06
100	1.6	0.1	7.67503e-06	4.43252e-06
101	1.6	0	0	0
102	1.7	0.5	2.17454e-05	6.99623e-06
103	1.7	0.4	2.29198e-05	8.99353e-06
104	1.7	0.3	2.15178e-05	1.0056e-05
105	1.7	0.2	1.73596e-05	9.30124e-06
106	1.7	0.1	1.02378e-05	6.09575e-06
107	1.7	0	0	0
108	1.8	0.5	3.01503e-05	9.93583e-06
109	1.8	0.4	3.13799e-05	1.27886e-05
110	1.8	0.3	2.90482e-05	1.41385e-05
111	1.8	0.2	2.31077e-05	1.28487e-05
112	1.8	0.1	1.34527e-05	8.24785e-06
113	1.8	0	0	0
114	1.9	0.5	4.23297e-05	1.36253e-05
115	1.9	0.4	4.31108e-05	1.77463e-05
116	1.9	0.3	3.90208e-05	1.94632e-05
117	1.9	0.2	3.03575e-05	1.73718e-05
118	1.9	0.1	1.73093e-05	1.089e-05
119	1.9	0	0	0
120	2	0.5	6.01619e-05	1.77617e-05
121	2	0.4	5.93747e-05	2.37622e-05
122	2	0.3	5.20354e-05	2.59625e-05
123	2	0.2	3.91725e-05	2.27434e-05
124	2	0.1	2.16288e-05	1.38638e-05
125	2	0	0	0
126	2.1	0.5	8.64264e-05	2.1412e-05
127	2.1	0.4	8.18506e-05	3.01802e-05
128	2.1	0.3	6.8683e-05	3.30407e-05
129	2.1	0.2	4.93323e-05	2.83562e-05
130	2.1	0.1	2.59249e-05	1.66844e-05
131	2.1	0	0	0
132	2.2	0.5	0.000125145	2.24483e-05
133	2.2	0.4	0.000112684	3.52416e-05
134	2.2	0.3	8.93904e-05	3.9031e-05
135	2.2	0.2	6.00902e-05	3.26557e-05
136	2.2	0.1	2.92113e-05	1.82603e-05
137	2.2	0	0	0
138	2.3	0.5	0.00018198	1.66179e-05
139	2.3	0.4	0.000154439	3.51624e-05
140	2.3	0.3	0.000114118	4.02731e-05
141	2.3	0.2	6.98261e-05	3.23673e-05
142	2.3	0.1	2.97916e-05	1.64702e-05
143	2.3	0	0	0
144	2.4	0.5	0.00026464	-3.95502e-06
145	2.4	0.4	0.000209819	2.26255e-05
146	2.4	0.3	0.000141801	2.96182e-05
147	2.4	0.2	7.56437e-05	2.13375e-05
148	2.4	0.1	2.52022e-05	7.65086e-06
149	2.4	0	0	0
150	2.5	0.5	0.000383213	-5.32017e-05
151	2.5	0.4	0.000280853	-1.56686e-05
152	2.5	0.3	0.000169401	-5.8597e-06
153	2.5	0.2	7.32066e-05	-1.08588e-05
154	2.5	0.1	1.28189e-05	-1.36173e-05
155	2.5	0	0	0
156	2.6	0.5	0.000550145	-0.000155239
157	2.6	0.4	0.000366954	-0.000103117
158	2.6	0.3	0.000190628	-8.79781e-05
159	2.6	0.2	5.79464e-05	-7.94221e-05
160	2.6	0.1	-7.75197e-06	-5.32274e-05
161	2.6	0	0	0
162	2.7	0.5	0.000778915	-0.000352082
163	2.7	0.4	0.000460603	-0.000280586
164	2.7	0.3	0.000195842	-0.000249922
165	2.7	0.2	3.09737e-05	-0.000199968
166	2.7	0.1	-2.95956e-05	-0.000113099
167	2.7	0	0	0
168	2.8	0.5	0.00107708	-0.0007204
169	2.8	0.4	0.00053907	-0.00061982
170	2.8	0.3	0.000182366	-0.000528087
171	2.8	0.2	1.4549e-05	-0.000371693
172	2.8	0.1	-3.60738e-05	-0.000187733
173	2.8	0	0	0
174	2.9	0.5	0.00141053	-0.00141926
175	2.9	0.4	0.000564408	-0.00123217
176	2.9	0.3	0.000210874	-0.000898466
177	2.9	0.2	5.04716e-05	-0.000570397
178	2.9	0.1	-6.55584e-06	-0.000267703
179	2.9	0	0	0
180	3	0.5	0.00147323	-0.00292302
181	3	0.4	0.000752989	-0.0019618
182	3	0.3	0.000363473	-0.0012812
183	3	0.2	0.00016913	-0.000761668
184	3	0.1	7.54502e-05	-0.000344952
185	3	0	0	0
