1 27 19 17 26
2 30 22 19 27
3 33 24 22 30
4 38 31 24 33
5 42 37 31 38
6 46 43 37 42
7 52 48 43 46
8 57 53 48 52
9 63 59 53 57
10 68 65 59 63
11 74 71 65 68
12 79 77 71 74
13 84 83 77 79
14 90 89 83 84
15 96 95 89 90
16 102 101 95 96
17 108 107 101 102
18 114 113 107 108
19 120 119 113 114
20 126 125 119 120
21 132 131 125 126
22 138 137 131 132
23 144 143 137 138
24 150 149 143 144
25 156 155 149 150
26 162 161 155 156
27 168 167 161 162
28 174 173 167 168
29 180 179 173 174
30 186 185 179 180
31 19 13 11 17
32 22 15 13 19
33 24 20 15 22
34 31 23 20 24
35 37 32 23 31
36 43 39 32 37
37 48 45 39 43
38 53 51 45 48
39 59 58 51 53
40 65 64 58 59
41 71 70 64 65
42 77 76 70 71
43 83 82 76 77
44 89 88 82 83
45 95 94 88 89
46 101 100 94 95
47 107 106 100 101
48 113 112 106 107
49 119 118 112 113
50 125 124 118 119
51 131 130 124 125
52 137 136 130 131
53 143 142 136 137
54 149 148 142 143
55 155 154 148 149
56 161 160 154 155
57 167 166 160 161
58 173 172 166 167
59 179 178 172 173
60 185 184 178 179
61 13 7 5 11
62 15 9 7 13
63 20 14 9 15
64 23 21 14 20
65 32 29 21 23
66 39 36 29 32
67 45 44 36 39
68 51 50 44 45
69 58 56 50 51
70 64 62 56 58
71 70 69 62 64
72 76 75 69 70
73 82 81 75 76
74 88 87 81 82
75 94 93 87 88
76 100 99 93 94
77 106 105 99 100
78 112 111 105 106
79 118 117 111 112
80 124 123 117 118
81 130 129 123 124
82 136 135 129 130
83 142 141 135 136
84 148 147 141 142
85 154 153 147 148
86 160 159 153 154
87 166 165 159 160
88 172 171 165 166
89 178 177 171 172
90 184 183 177 178
91 7 4 2 5
92 9 8 4 7
93 14 12 8 9
94 21 18 12 14
95 29 28 18 21
96 36 35 28 29
97 44 41 35 36
98 50 49 41 44
99 56 55 49 50
100 62 61 55 56
101 69 67 61 62
102 75 73 67 69
103 81 80 73 75
104 87 86 80 81
105 93 92 86 87
106 99 98 92 93
107 105 104 98 99
108 111 110 104 105
109 117 116 110 111
110 123 122 116 117
111 129 128 122 123
112 135 134 128 129
113 141 140 134 135
114 147 146 140 141
115 153 152 146 147
116 159 158 152 153
117 165 164 158 159
118 171 170 164 165
119 177 176 170 171
120 183 182 176 177
121 4 3 1 2
122 8 6 3 4
123 12 10 6 8
124 18 16 10 12
125 28 25 16 18
126 35 34 25 28
127 41 40 34 35
128 49 47 40 41
129 55 54 47 49
130 61 60 54 55
131 67 66 60 61
132 73 72 66 67
133 80 78 72 73
134 86 85 78 80
135 92 91 85 86
136 98 97 91 92
137 104 103 97 98
138 110 109 103 104
139 116 115 109 110
140 122 121 115 116
141 128 127 121 122
142 134 133 127 128
143 140 139 133 134
144 146 145 139 140
145 152 151 145 146
146 158 157 151 152
147 164 163 157 158
148 170 169 163 164
149 176 175 169 170
150 182 181 175 176