    1               0             0.5               0
    2               0             0.4               0
    3             0.1             0.5               0
    4             0.1             0.4               0
    5               0             0.3               0
    6             0.2             0.5               0
    7             0.1             0.3               0
    8             0.2             0.4               0
    9             0.2             0.3               0
   10             0.3             0.5               0
   11               0             0.2               0
   12             0.3             0.4               0
   13             0.1             0.2               0
   14             0.3             0.3               0
   15             0.2             0.2               0
   16             0.4             0.5               0
   17               0             0.1               0
   18             0.4             0.4               0
   19             0.1             0.1               0
   20             0.3             0.2               0
   21             0.4             0.3               0
   22             0.2             0.1               0
   23             0.4             0.2               0
   24             0.3             0.1               0
   25             0.5             0.5               0
   26               0               0               0
   27             0.1               0               0
   28             0.5             0.4               0
   29             0.5             0.3               0
   30             0.2               0               0
   31             0.4             0.1               0
   32             0.5             0.2               0
   33             0.3               0               0
   34             0.6             0.5               0
   35             0.6             0.4               0
   36             0.6             0.3               0
   37             0.5             0.1               0
   38             0.4               0               0
   39             0.6             0.2               0
   40             0.7             0.5               0
   41             0.7             0.4               0
   42             0.5               0               0
   43             0.6             0.1               0
   44             0.7             0.3               0
   45             0.7             0.2               0
   46             0.6               0               0
   47             0.8             0.5               0
   48             0.7             0.1               0
   49             0.8             0.4               0
   50             0.8             0.3               0
   51             0.8             0.2               0
   52             0.7               0               0
   53             0.8             0.1               0
   54             0.9             0.5               0
   55             0.9             0.4               0
   56             0.9             0.3               0
   57             0.8               0               0
   58             0.9             0.2               0
   59             0.9             0.1               0
   60               1             0.5               0
   61               1             0.4               0
   62               1             0.3               0
   63             0.9               0               0
   64               1             0.2               0
   65               1             0.1               0
   66             1.1             0.5               0
   67             1.1             0.4               0
   68               1               0               0
   69             1.1             0.3               0
   70             1.1             0.2               0
   71             1.1             0.1               0
   72             1.2             0.5               0
   73             1.2             0.4               0
   74             1.1               0               0
   75             1.2             0.3               0
   76             1.2             0.2               0
   77             1.2             0.1               0
   78             1.3             0.5               0
   79             1.2               0               0
   80             1.3             0.4               0
   81             1.3             0.3               0
   82             1.3             0.2               0
   83             1.3             0.1               0
   84             1.3               0               0
   85             1.4             0.5               0
   86             1.4             0.4               0
   87             1.4             0.3               0
   88             1.4             0.2               0
   89             1.4             0.1               0
   90             1.4               0               0
   91             1.5             0.5               0
   92             1.5             0.4               0
   93             1.5             0.3               0
   94             1.5             0.2               0
   95             1.5             0.1               0
   96             1.5               0               0
   97             1.6             0.5               0
   98             1.6             0.4               0
   99             1.6             0.3               0
  100             1.6             0.2               0
  101             1.6             0.1               0
  102             1.6               0               0
  103             1.7             0.5               0
  104             1.7             0.4               0
  105             1.7             0.3               0
  106             1.7             0.2               0
  107             1.7             0.1               0
  108             1.7               0               0
  109             1.8             0.5               0
  110             1.8             0.4               0
  111             1.8             0.3               0
  112             1.8             0.2               0
  113             1.8             0.1               0
  114             1.8               0               0
  115             1.9             0.5               0
  116             1.9             0.4               0
  117             1.9             0.3               0
  118             1.9             0.2               0
  119             1.9             0.1               0
  120             1.9               0               0
  121               2             0.5               0
  122               2             0.4               0
  123               2             0.3               0
  124               2             0.2               0
  125               2             0.1               0
  126               2               0               0
  127             2.1             0.5               0
  128             2.1             0.4               0
  129             2.1             0.3               0
  130             2.1             0.2               0
  131             2.1             0.1               0
  132             2.1               0               0
  133             2.2             0.5               0
  134             2.2             0.4               0
  135             2.2             0.3               0
  136             2.2             0.2               0
  137             2.2             0.1               0
  138             2.2               0               0
  139             2.3             0.5               0
  140             2.3             0.4               0
  141             2.3             0.3               0
  142             2.3             0.2               0
  143             2.3             0.1               0
  144             2.3               0               0
  145             2.4             0.5               0
  146             2.4             0.4               0
  147             2.4             0.3               0
  148             2.4             0.2               0
  149             2.4             0.1               0
  150             2.4               0               0
  151             2.5             0.5               0
  152             2.5             0.4               0
  153             2.5             0.3               0
  154             2.5             0.2               0
  155             2.5             0.1               0
  156             2.5               0               0
  157             2.6             0.5               0
  158             2.6             0.4               0
  159             2.6             0.3               0
  160             2.6             0.2               0
  161             2.6             0.1               0
  162             2.6               0               0
  163             2.7             0.5               0
  164             2.7             0.4               0
  165             2.7             0.3               0
  166             2.7             0.2               0
  167             2.7             0.1               0
  168             2.7               0               0
  169             2.8             0.5               0
  170             2.8             0.4               0
  171             2.8             0.3               0
  172             2.8             0.2               0
  173             2.8             0.1               0
  174             2.8               0               0
  175             2.9             0.5               0
  176             2.9             0.4               0
  177             2.9             0.3               0
  178             2.9             0.2               0
  179             2.9             0.1               0
  180             2.9               0               0
  181               3             0.5               0
  182               3             0.4               0
  183               3             0.3               0
  184               3             0.2               0
  185               3             0.1               0
  186               3               0               0