1 74 51 45 67 61 46 58 72
2 80 55 51 74 66 53 61 76
3 89 70 55 80 81 64 66 85
4 101 87 70 89 94 78 81 96
5 115 102 87 101 108 93 94 107
6 128 118 102 115 123 110 108 121
7 144 133 118 128 138 126 123 136
8 158 147 133 144 154 140 138 149
9 173 164 147 158 170 157 154 165
10 189 182 164 173 184 174 170 181
11 205 199 182 189 201 191 184 197
12 220 215 199 205 217 208 201 213
13 236 232 215 220 234 224 217 228
14 253 249 232 236 251 240 234 245
15 270 265 249 253 268 257 251 262
16 286 281 265 270 284 273 268 279
17 303 298 281 286 301 288 284 295
18 320 315 298 303 318 305 301 312
19 337 332 315 320 334 322 318 329
20 354 349 332 337 351 339 334 345
21 370 366 349 354 367 356 351 362
22 387 383 366 370 384 373 367 378
23 404 400 383 387 401 390 384 394
24 420 417 400 404 418 407 401 411
25 436 434 417 420 435 424 418 427
26 453 451 434 436 452 441 435 442
27 470 468 451 453 469 458 452 459
28 487 485 468 470 486 475 469 476
29 504 502 485 487 503 492 486 493
30 521 519 502 504 520 509 503 510
31 51 30 27 45 40 28 36 46
32 55 38 30 51 48 35 40 53
33 70 52 38 55 60 42 48 64
34 87 69 52 70 77 62 60 78
35 102 88 69 87 97 82 77 93
36 118 106 88 102 111 99 97 110
37 133 125 106 118 129 117 111 126
38 147 142 125 133 145 134 129 140
39 164 159 142 147 162 150 145 157
40 182 176 159 164 179 166 162 174
41 199 193 176 182 196 183 179 191
42 215 210 193 199 211 200 196 208
43 232 227 210 215 229 218 211 224
44 249 244 227 232 246 235 229 240
45 265 261 244 249 263 252 246 257
46 281 278 261 265 280 269 263 273
47 298 296 278 281 297 287 280 288
48 315 313 296 298 314 304 297 305
49 332 330 313 315 331 321 314 322
50 349 347 330 332 348 338 331 339
51 366 364 347 349 365 355 348 356
52 383 381 364 366 382 372 365 373
53 400 398 381 383 399 389 382 390
54 417 415 398 400 416 406 399 407
55 434 432 415 417 433 423 416 424
56 451 449 432 434 450 440 433 441
57 468 466 449 451 467 457 450 458
58 485 483 466 468 484 474 467 475
59 502 500 483 485 501 491 484 492
60 519 517 500 502 518 508 501 509
61 30 18 13 27 24 15 19 28
62 38 25 18 30 33 22 24 35
63 52 39 25 38 43 32 33 42
64 69 56 39 52 63 49 43 62
65 88 79 56 69 84 65 63 82
66 106 100 79 88 104 90 84 99
67 125 119 100 106 120 109 104 117
68 142 137 119 125 139 127 120 134
69 159 155 137 142 156 146 139 150
70 176 172 155 159 175 163 156 166
71 193 190 172 176 192 180 175 183
72 210 207 190 193 209 198 192 200
73 227 225 207 210 226 216 209 218
74 244 242 225 227 243 233 226 235
75 261 259 242 244 260 250 243 252
76 278 276 259 261 277 267 260 269
77 296 293 276 278 294 285 277 287
78 313 310 293 296 311 302 294 304
79 330 327 310 313 328 319 311 321
80 347 344 327 330 346 336 328 338
81 364 361 344 347 363 353 346 355
82 381 379 361 364 380 371 363 372
83 398 396 379 381 397 388 380 389
84 415 413 396 398 414 405 397 406
85 432 430 413 415 431 422 414 423
86 449 447 430 432 448 439 431 440
87 466 464 447 449 465 456 448 457
88 483 481 464 466 482 473 465 474
89 500 498 481 483 499 490 482 491
90 517 515 498 500 516 507 499 508
91 18 8 4 13 11 6 9 15
92 25 17 8 18 21 12 11 22
93 39 31 17 25 34 23 21 32
94 56 50 31 39 54 41 34 49
95 79 73 50 56 75 59 54 65
96 100 95 73 79 98 86 75 90
97 119 114 95 100 116 105 98 109
98 137 132 114 119 135 124 116 127
99 155 152 132 137 153 143 135 146
100 172 169 152 155 171 161 153 163
101 190 187 169 172 188 178 171 180
102 207 204 187 190 206 195 188 198
103 225 222 204 207 223 214 206 216
104 242 239 222 225 241 231 223 233
105 259 256 239 242 258 248 241 250
106 276 274 256 259 275 266 258 267
107 293 291 274 276 292 283 275 285
108 310 308 291 293 309 300 292 302
109 327 325 308 310 326 317 309 319
110 344 342 325 327 343 335 326 336
111 361 359 342 344 360 352 343 353
112 379 376 359 361 377 369 360 371
113 396 393 376 379 395 386 377 388
114 413 410 393 396 412 403 395 405
115 430 428 410 413 429 421 412 422
116 447 445 428 430 446 438 429 439
117 464 462 445 447 463 455 446 456
118 481 479 462 464 480 472 463 473
119 498 496 479 481 497 489 480 490
120 515 513 496 498 514 506 497 507
121 8 5 1 4 7 2 3 6
122 17 14 5 8 16 10 7 12
123 31 26 14 17 29 20 16 23
124 50 44 26 31 47 37 29 41
125 73 68 44 50 71 57 47 59
126 95 91 68 73 92 83 71 86
127 114 112 91 95 113 103 92 105
128 132 130 112 114 131 122 113 124
129 152 148 130 132 151 141 131 143
130 169 167 148 152 168 160 151 161
131 187 185 167 169 186 177 168 178
132 204 202 185 187 203 194 186 195
133 222 219 202 204 221 212 203 214
134 239 237 219 222 238 230 221 231
135 256 254 237 239 255 247 238 248
136 274 271 254 256 272 264 255 266
137 291 289 271 274 290 282 272 283
138 308 306 289 291 307 299 290 300
139 325 323 306 308 324 316 307 317
140 342 340 323 325 341 333 324 335
141 359 357 340 342 358 350 341 352
142 376 374 357 359 375 368 358 369
143 393 391 374 376 392 385 375 386
144 410 408 391 393 409 402 392 403
145 428 425 408 410 426 419 409 421
146 445 443 425 428 444 437 426 438
147 462 460 443 445 461 454 444 455
148 479 477 460 462 478 471 461 472
149 496 494 477 479 495 488 478 489
150 513 511 494 496 512 505 495 506
End Elements
PROBLEM DATA
END PROBLEM DATA
INTERVAL NUMBER: 1
INTERVAL DATA
END INTERVAL DATA
