    1               0             0.5               0
    2            0.05             0.5               0
    3               0            0.45               0
    4               0             0.4               0
    5             0.1             0.5               0
    6            0.05             0.4               0
    7             0.1            0.45               0
    8             0.1             0.4               0
    9               0            0.35               0
   10            0.15             0.5               0
   11             0.1            0.35               0
   12            0.15             0.4               0
   13               0             0.3               0
   14             0.2             0.5               0
   15            0.05             0.3               0
   16             0.2            0.45               0
   17             0.2             0.4               0
   18             0.1             0.3               0
   19               0            0.25               0
   20            0.25             0.5               0
   21             0.2            0.35               0
   22            0.15             0.3               0
   23            0.25             0.4               0
   24             0.1            0.25               0
   25             0.2             0.3               0
   26             0.3             0.5               0
   27               0             0.2               0
   28            0.05             0.2               0
   29             0.3            0.45               0
   30             0.1             0.2               0
   31             0.3             0.4               0
   32            0.25             0.3               0
   33             0.2            0.25               0
   34             0.3            0.35               0
   35            0.15             0.2               0
   36               0            0.15               0
   37            0.35             0.5               0
   38             0.2             0.2               0
   39             0.3             0.3               0
   40             0.1            0.15               0
   41            0.35             0.4               0
   42            0.25             0.2               0
   43             0.3            0.25               0
   44             0.4             0.5               0
   45               0             0.1               0
   46            0.05             0.1               0
   47             0.4            0.45               0
   48             0.2            0.15               0
   49            0.35             0.3               0
   50             0.4             0.4               0
   51             0.1             0.1               0
   52             0.3             0.2               0
   53            0.15             0.1               0
   54             0.4            0.35               0
   55             0.2             0.1               0
   56             0.4             0.3               0
   57            0.45             0.5               0
   58               0            0.05               0
   59            0.45             0.4               0
   60             0.3            0.15               0
   61             0.1            0.05               0
   62            0.35             0.2               0
   63             0.4            0.25               0
   64            0.25             0.1               0
   65            0.45             0.3               0
   66             0.2            0.05               0
   67               0               0               0
   68             0.5             0.5               0
   69             0.4             0.2               0
   70             0.3             0.1               0
   71             0.5            0.45               0
   72            0.05               0               0
   73             0.5             0.4               0
   74             0.1               0               0
   75             0.5            0.35               0
   76            0.15               0               0
   77             0.4            0.15               0
   78            0.35             0.1               0
   79             0.5             0.3               0
   80             0.2               0               0
   81             0.3            0.05               0
   82            0.45             0.2               0
   83            0.55             0.5               0
   84             0.5            0.25               0
   85            0.25               0               0
   86            0.55             0.4               0
   87             0.4             0.1               0
   88             0.5             0.2               0
   89             0.3               0               0
   90            0.55             0.3               0
   91             0.6             0.5               0
   92             0.6            0.45               0
   93            0.45             0.1               0
   94             0.4            0.05               0
   95             0.6             0.4               0
   96            0.35               0               0
   97             0.5            0.15               0
   98             0.6            0.35               0
   99            0.55             0.2               0
  100             0.6             0.3               0
  101             0.4               0               0
  102             0.5             0.1               0
  103            0.65             0.5               0
  104             0.6            0.25               0
  105            0.65             0.4               0
  106             0.6             0.2               0
  107            0.45               0               0
  108             0.5            0.05               0
  109            0.65             0.3               0
  110            0.55             0.1               0
  111             0.6            0.15               0
  112             0.7             0.5               0
  113             0.7            0.45               0
  114             0.7             0.4               0
  115             0.5               0               0
  116             0.7            0.35               0
  117            0.65             0.2               0
  118             0.6             0.1               0
  119             0.7             0.3               0
  120             0.7            0.25               0
  121            0.55               0               0
  122            0.75             0.5               0
  123             0.6            0.05               0
  124            0.75             0.4               0
  125             0.7             0.2               0
  126            0.65             0.1               0
  127            0.75             0.3               0
  128             0.6               0               0
  129             0.7            0.15               0
  130             0.8             0.5               0
  131             0.8            0.45               0
  132             0.8             0.4               0
  133             0.7             0.1               0
  134            0.75             0.2               0
  135             0.8            0.35               0
  136            0.65               0               0
  137             0.8             0.3               0
  138             0.7            0.05               0
  139             0.8            0.25               0
  140            0.75             0.1               0
  141            0.85             0.5               0
  142             0.8             0.2               0
  143            0.85             0.4               0
  144             0.7               0               0
  145             0.8            0.15               0
  146            0.85             0.3               0
  147             0.8             0.1               0
  148             0.9             0.5               0
  149            0.75               0               0
  150            0.85             0.2               0
  151             0.9            0.45               0
  152             0.9             0.4               0
  153             0.9            0.35               0
  154             0.8            0.05               0
  155             0.9             0.3               0
  156             0.9            0.25               0
  157            0.85             0.1               0
  158             0.8               0               0
  159             0.9             0.2               0
  160            0.95             0.5               0
  161            0.95             0.4               0
  162             0.9            0.15               0
  163            0.95             0.3               0
  164             0.9             0.1               0
  165            0.85               0               0
  166            0.95             0.2               0
  167               1             0.5               0
  168               1            0.45               0
  169               1             0.4               0
  170             0.9            0.05               0
  171               1            0.35               0
  172               1             0.3               0
  173             0.9               0               0
  174            0.95             0.1               0
  175               1            0.25               0
  176               1             0.2               0
  177            1.05             0.5               0
  178            1.05             0.4               0
  179               1            0.15               0
  180            1.05             0.3               0
  181            0.95               0               0
  182               1             0.1               0
  183            1.05             0.2               0
  184               1            0.05               0
  185             1.1             0.5               0
  186             1.1            0.45               0
  187             1.1             0.4               0
  188             1.1            0.35               0
  189               1               0               0
  190             1.1             0.3               0
  191            1.05             0.1               0
  192             1.1            0.25               0
  193             1.1             0.2               0
  194            1.15             0.5               0
  195            1.15             0.4               0
  196             1.1            0.15               0
  197            1.05               0               0
  198            1.15             0.3               0
  199             1.1             0.1               0
  200            1.15             0.2               0
  201             1.1            0.05               0
  202             1.2             0.5               0
  203             1.2            0.45               0
  204             1.2             0.4               0
  205             1.1               0               0
  206             1.2            0.35               0
  207             1.2             0.3               0
  208            1.15             0.1               0
  209             1.2            0.25               0
  210             1.2             0.2               0
  211             1.2            0.15               0
  212            1.25             0.5               0
  213            1.15               0               0
  214            1.25             0.4               0
  215             1.2             0.1               0
  216            1.25             0.3               0
  217             1.2            0.05               0
  218            1.25             0.2               0
  219             1.3             0.5               0
  220             1.2               0               0
  221             1.3            0.45               0
  222             1.3             0.4               0
  223             1.3            0.35               0
  224            1.25             0.1               0
  225             1.3             0.3               0
  226             1.3            0.25               0
  227             1.3             0.2               0
  228            1.25               0               0
  229             1.3            0.15               0
  230            1.35             0.5               0
  231            1.35             0.4               0
  232             1.3             0.1               0
  233            1.35             0.3               0
  234             1.3            0.05               0
  235            1.35             0.2               0
  236             1.3               0               0
  237             1.4             0.5               0
  238             1.4            0.45               0
  239             1.4             0.4               0
  240            1.35             0.1               0
  241             1.4            0.35               0
  242             1.4             0.3               0
  243             1.4            0.25               0
  244             1.4             0.2               0
  245            1.35               0               0
  246             1.4            0.15               0
  247            1.45             0.5               0
  248            1.45             0.4               0
  249             1.4             0.1               0
  250            1.45             0.3               0
  251             1.4            0.05               0
  252            1.45             0.2               0
  253             1.4               0               0
  254             1.5             0.5               0
  255             1.5            0.45               0
  256             1.5             0.4               0
  257            1.45             0.1               0
  258             1.5            0.35               0
  259             1.5             0.3               0
  260             1.5            0.25               0
  261             1.5             0.2               0
  262            1.45               0               0
  263             1.5            0.15               0
  264            1.55             0.5               0
  265             1.5             0.1               0
  266            1.55             0.4               0
  267            1.55             0.3               0
  268             1.5            0.05               0
  269            1.55             0.2               0
  270             1.5               0               0
  271             1.6             0.5               0
  272             1.6            0.45               0
  273            1.55             0.1               0
  274             1.6             0.4               0
  275             1.6            0.35               0
  276             1.6             0.3               0
  277             1.6            0.25               0
  278             1.6             0.2               0
  279            1.55               0               0
  280             1.6            0.15               0
  281             1.6             0.1               0
  282            1.65             0.5               0
  283            1.65             0.4               0
  284             1.6            0.05               0
  285            1.65             0.3               0
  286             1.6               0               0
  287            1.65             0.2               0
  288            1.65             0.1               0
  289             1.7             0.5               0
  290             1.7            0.45               0
  291             1.7             0.4               0
  292             1.7            0.35               0
  293             1.7             0.3               0
  294             1.7            0.25               0
  295            1.65               0               0
  296             1.7             0.2               0
  297             1.7            0.15               0
  298             1.7             0.1               0
  299            1.75             0.5               0
  300            1.75             0.4               0
  301             1.7            0.05               0
  302            1.75             0.3               0
  303             1.7               0               0
  304            1.75             0.2               0
  305            1.75             0.1               0
  306             1.8             0.5               0
  307             1.8            0.45               0
  308             1.8             0.4               0
  309             1.8            0.35               0
  310             1.8             0.3               0
  311             1.8            0.25               0
  312            1.75               0               0
  313             1.8             0.2               0
  314             1.8            0.15               0
  315             1.8             0.1               0
  316            1.85             0.5               0
  317            1.85             0.4               0
  318             1.8            0.05               0
  319            1.85             0.3               0
  320             1.8               0               0
  321            1.85             0.2               0
  322            1.85             0.1               0
  323             1.9             0.5               0
  324             1.9            0.45               0
  325             1.9             0.4               0
  326             1.9            0.35               0
  327             1.9             0.3               0
  328             1.9            0.25               0
  329            1.85               0               0
  330             1.9             0.2               0
  331             1.9            0.15               0
  332             1.9             0.1               0
  333            1.95             0.5               0
  334             1.9            0.05               0
  335            1.95             0.4               0
  336            1.95             0.3               0
  337             1.9               0               0
  338            1.95             0.2               0
  339            1.95             0.1               0
  340               2             0.5               0
  341               2            0.45               0
  342               2             0.4               0
  343               2            0.35               0
  344               2             0.3               0
  345            1.95               0               0
  346               2            0.25               0
  347               2             0.2               0
  348               2            0.15               0
  349               2             0.1               0
  350            2.05             0.5               0
  351               2            0.05               0
  352            2.05             0.4               0
  353            2.05             0.3               0
  354               2               0               0
  355            2.05             0.2               0
  356            2.05             0.1               0
  357             2.1             0.5               0
  358             2.1            0.45               0
  359             2.1             0.4               0
  360             2.1            0.35               0
  361             2.1             0.3               0
  362            2.05               0               0
  363             2.1            0.25               0
  364             2.1             0.2               0
  365             2.1            0.15               0
  366             2.1             0.1               0
  367             2.1            0.05               0
  368            2.15             0.5               0
  369            2.15             0.4               0
  370             2.1               0               0
  371            2.15             0.3               0
  372            2.15             0.2               0
  373            2.15             0.1               0
  374             2.2             0.5               0
  375             2.2            0.45               0
  376             2.2             0.4               0
  377             2.2            0.35               0
  378            2.15               0               0
  379             2.2             0.3               0
  380             2.2            0.25               0
  381             2.2             0.2               0
  382             2.2            0.15               0
  383             2.2             0.1               0
  384             2.2            0.05               0
  385            2.25             0.5               0
  386            2.25             0.4               0
  387             2.2               0               0
  388            2.25             0.3               0
  389            2.25             0.2               0
  390            2.25             0.1               0
  391             2.3             0.5               0
  392             2.3            0.45               0
  393             2.3             0.4               0
  394            2.25               0               0
  395             2.3            0.35               0
  396             2.3             0.3               0
  397             2.3            0.25               0
  398             2.3             0.2               0
  399             2.3            0.15               0
  400             2.3             0.1               0
  401             2.3            0.05               0
  402            2.35             0.5               0
  403            2.35             0.4               0
  404             2.3               0               0
  405            2.35             0.3               0
  406            2.35             0.2               0
  407            2.35             0.1               0
  408             2.4             0.5               0
  409             2.4            0.45               0
  410             2.4             0.4               0
  411            2.35               0               0
  412             2.4            0.35               0
  413             2.4             0.3               0
  414             2.4            0.25               0
  415             2.4             0.2               0
  416             2.4            0.15               0
  417             2.4             0.1               0
  418             2.4            0.05               0
  419            2.45             0.5               0
  420             2.4               0               0
  421            2.45             0.4               0
  422            2.45             0.3               0
  423            2.45             0.2               0
  424            2.45             0.1               0
  425             2.5             0.5               0
  426             2.5            0.45               0
  427            2.45               0               0
  428             2.5             0.4               0
  429             2.5            0.35               0
  430             2.5             0.3               0
  431             2.5            0.25               0
  432             2.5             0.2               0
  433             2.5            0.15               0
  434             2.5             0.1               0
  435             2.5            0.05               0
  436             2.5               0               0
  437            2.55             0.5               0
  438            2.55             0.4               0
  439            2.55             0.3               0
  440            2.55             0.2               0
  441            2.55             0.1               0
  442            2.55               0               0
  443             2.6             0.5               0
  444             2.6            0.45               0
  445             2.6             0.4               0
  446             2.6            0.35               0
  447             2.6             0.3               0
  448             2.6            0.25               0
  449             2.6             0.2               0
  450             2.6            0.15               0
  451             2.6             0.1               0
  452             2.6            0.05               0
  453             2.6               0               0
  454            2.65             0.5               0
  455            2.65             0.4               0
  456            2.65             0.3               0
  457            2.65             0.2               0
  458            2.65             0.1               0
  459            2.65               0               0
  460             2.7             0.5               0
  461             2.7            0.45               0
  462             2.7             0.4               0
  463             2.7            0.35               0
  464             2.7             0.3               0
  465             2.7            0.25               0
  466             2.7             0.2               0
  467             2.7            0.15               0
  468             2.7             0.1               0
  469             2.7            0.05               0
  470             2.7               0               0
  471            2.75             0.5               0
  472            2.75             0.4               0
  473            2.75             0.3               0
  474            2.75             0.2               0
  475            2.75             0.1               0
  476            2.75               0               0
  477             2.8             0.5               0
  478             2.8            0.45               0
  479             2.8             0.4               0
  480             2.8            0.35               0
  481             2.8             0.3               0
  482             2.8            0.25               0
  483             2.8             0.2               0
  484             2.8            0.15               0
  485             2.8             0.1               0
  486             2.8            0.05               0
  487             2.8               0               0
  488            2.85             0.5               0
  489            2.85             0.4               0
  490            2.85             0.3               0
  491            2.85             0.2               0
  492            2.85             0.1               0
  493            2.85               0               0
  494             2.9             0.5               0
  495             2.9            0.45               0
  496             2.9             0.4               0
  497             2.9            0.35               0
  498             2.9             0.3               0
  499             2.9            0.25               0
  500             2.9             0.2               0
  501             2.9            0.15               0
  502             2.9             0.1               0
  503             2.9            0.05               0
  504             2.9               0               0
  505            2.95             0.5               0
  506            2.95             0.4               0
  507            2.95             0.3               0
  508            2.95             0.2               0
  509            2.95             0.1               0
  510            2.95               0               0
  511               3             0.5               0
  512               3            0.45               0
  513               3             0.4               0
  514               3            0.35               0
  515               3             0.3               0
  516               3            0.25               0
  517               3             0.2               0
  518               3            0.15               0
  519               3             0.1               0
  520               3            0.05               0
  521               3               0               0