1 94 64 58 88 78 60 73 92 75
2 102 70 64 94 85 66 78 98 83
3 115 90 70 102 103 81 85 108 95
4 129 110 90 115 119 100 103 123 112
5 147 130 110 129 139 120 119 138 128
6 164 151 130 147 157 141 139 155 148
7 184 171 151 164 177 161 157 174 166
8 202 190 171 184 197 179 177 192 188
9 222 212 190 202 218 201 197 213 207
10 243 234 212 222 237 223 218 233 227
11 264 256 234 243 259 245 237 254 248
12 284 277 256 264 280 267 259 274 269
13 304 299 277 284 302 288 280 293 291
14 326 320 299 304 323 309 302 315 313
15 348 341 320 326 345 331 323 337 334
16 369 361 341 348 366 351 345 359 356
17 391 383 361 369 388 372 366 380 377
18 413 405 383 391 409 394 388 402 399
19 434 427 405 413 430 416 409 424 420
20 456 449 427 434 450 438 430 445 441
21 477 471 449 456 472 460 450 467 461
22 499 493 471 477 494 482 472 488 483
23 520 515 493 499 516 504 494 509 505
24 541 537 515 520 538 526 516 531 527
25 561 559 537 541 560 548 538 552 549
26 583 581 559 561 582 570 560 572 571
27 605 603 581 583 604 592 582 594 593
28 627 625 603 605 626 614 604 616 615
29 649 647 625 627 648 636 626 638 637
30 671 669 647 649 670 658 648 660 659
31 64 38 35 58 51 36 44 60 46
32 70 50 38 64 61 43 51 66 53
33 90 65 50 70 77 55 61 81 68
34 110 89 65 90 99 79 77 100 86
35 130 114 89 110 124 104 99 120 111
36 151 137 114 130 142 126 124 141 134
37 171 160 137 151 165 150 142 161 153
38 190 182 160 171 186 172 165 179 176
39 212 203 182 190 209 193 186 201 198
40 234 225 203 212 230 214 209 223 220
41 256 247 225 234 252 236 230 245 241
42 277 270 247 256 271 258 252 267 262
43 299 292 270 277 294 281 271 288 282
44 320 314 292 299 316 303 294 309 305
45 341 336 314 320 338 325 316 331 327
46 361 358 336 341 360 347 338 351 349
47 383 381 358 361 382 370 360 372 371
48 405 403 381 383 404 392 382 394 393
49 427 425 403 405 426 414 404 416 415
50 449 447 425 427 448 436 426 438 437
51 471 469 447 449 470 458 448 460 459
52 493 491 469 471 492 480 470 482 481
53 515 513 491 493 514 502 492 504 503
54 537 535 513 515 536 524 514 526 525
55 559 557 535 537 558 546 536 548 547
56 581 579 557 559 580 568 558 570 569
57 603 601 579 581 602 590 580 592 591
58 625 623 601 603 624 612 602 614 613
59 647 645 623 625 646 634 624 636 635
60 669 667 645 647 668 656 646 658 657
61 38 22 16 35 30 18 24 36 28
62 50 31 22 38 41 26 30 43 33
63 65 49 31 50 56 40 41 55 47
64 89 71 49 65 80 62 56 79 69
65 114 101 71 89 107 84 80 104 96
66 137 127 101 114 132 116 107 126 121
67 160 152 127 137 154 140 132 150 143
68 182 175 152 160 178 163 154 172 167
69 203 199 175 182 200 187 178 193 189
70 225 221 199 203 224 210 200 214 211
71 247 244 221 225 246 232 224 236 235
72 270 266 244 247 268 255 246 258 257
73 292 289 266 270 290 278 268 281 279
74 314 311 289 292 312 300 290 303 301
75 336 333 311 314 335 322 312 325 324
76 358 355 333 336 357 344 335 347 346
77 381 378 355 358 379 367 357 370 368
78 403 400 378 381 401 389 379 392 390
79 425 422 400 403 423 411 401 414 412
80 447 444 422 425 446 433 423 436 435
81 469 466 444 447 468 455 446 458 457
82 491 489 466 469 490 478 468 480 479
83 513 511 489 491 512 500 490 502 501
84 535 533 511 513 534 522 512 524 523
85 557 555 533 535 556 544 534 546 545
86 579 577 555 557 578 566 556 568 567
87 601 599 577 579 600 588 578 590 589
88 623 621 599 601 622 610 600 612 611
89 645 643 621 623 644 632 622 634 633
90 667 665 643 645 666 654 644 656 655
91 22 9 5 16 14 7 10 18 12
92 31 21 9 22 25 15 14 26 20
93 49 39 21 31 42 29 25 40 32
94 71 63 39 49 67 52 42 62 54
95 101 93 63 71 97 76 67 84 82
96 127 122 93 101 125 109 97 116 113
97 152 146 122 127 149 135 125 140 136
98 175 170 146 152 173 159 149 163 162
99 199 195 170 175 196 183 173 187 185
100 221 217 195 199 219 206 196 210 208
101 244 240 217 221 242 229 219 232 231
102 266 263 240 244 265 251 242 255 253
103 289 286 263 266 287 275 265 278 276
104 311 308 286 289 310 297 287 300 298
105 333 330 308 311 332 319 310 322 321
106 355 353 330 333 354 342 332 344 343
107 378 375 353 355 376 364 354 367 365
108 400 397 375 378 398 386 376 389 387
109 422 419 397 400 421 408 398 411 410
110 444 442 419 422 443 431 421 433 432
111 466 464 442 444 465 453 443 455 454
112 489 486 464 466 487 475 465 478 476
113 511 508 486 489 510 497 487 500 498
114 533 530 508 511 532 519 510 522 521
115 555 553 530 533 554 542 532 544 543
116 577 575 553 555 576 564 554 566 565
117 599 597 575 577 598 586 576 588 587
118 621 619 597 599 620 608 598 610 609
119 643 641 619 621 642 630 620 632 631
120 665 663 641 643 664 652 642 654 653
121 9 6 1 5 8 2 3 7 4
122 21 17 6 9 19 11 8 15 13
123 39 34 17 21 37 23 19 29 27
124 63 57 34 39 59 45 37 52 48
125 93 87 57 63 91 72 59 76 74
126 122 117 87 93 118 105 91 109 106
127 146 144 117 122 145 131 118 135 133
128 170 168 144 146 169 156 145 159 158
129 195 191 168 170 194 180 169 183 181
130 217 215 191 195 216 204 194 206 205
131 240 238 215 217 239 226 216 229 228
132 263 260 238 240 261 249 239 251 250
133 286 283 260 263 285 272 261 275 273
134 308 306 283 286 307 295 285 297 296
135 330 328 306 308 329 317 307 319 318
136 353 350 328 330 352 339 329 342 340
137 375 373 350 353 374 362 352 364 363
138 397 395 373 375 396 384 374 386 385
139 419 417 395 397 418 406 396 408 407
140 442 439 417 419 440 428 418 431 429
141 464 462 439 442 463 451 440 453 452
142 486 484 462 464 485 473 463 475 474
143 508 506 484 486 507 495 485 497 496
144 530 528 506 508 529 517 507 519 518
145 553 550 528 530 551 539 529 542 540
146 575 573 550 553 574 562 551 564 563
147 597 595 573 575 596 584 574 586 585
148 619 617 595 597 618 606 596 608 607
149 641 639 617 619 640 628 618 630 629
150 663 661 639 641 662 650 640 652 651