    1               0             0.5               0
    2            0.05             0.5               0
    3               0            0.45               0
    4            0.05            0.45               0
    5               0             0.4               0
    6             0.1             0.5               0
    7            0.05             0.4               0
    8             0.1            0.45               0
    9             0.1             0.4               0
   10               0            0.35               0
   11            0.15             0.5               0
   12            0.05            0.35               0
   13            0.15            0.45               0
   14             0.1            0.35               0
   15            0.15             0.4               0
   16               0             0.3               0
   17             0.2             0.5               0
   18            0.05             0.3               0
   19             0.2            0.45               0
   20            0.15            0.35               0
   21             0.2             0.4               0
   22             0.1             0.3               0
   23            0.25             0.5               0
   24               0            0.25               0
   25             0.2            0.35               0
   26            0.15             0.3               0
   27            0.25            0.45               0
   28            0.05            0.25               0
   29            0.25             0.4               0
   30             0.1            0.25               0
   31             0.2             0.3               0
   32            0.25            0.35               0
   33            0.15            0.25               0
   34             0.3             0.5               0
   35               0             0.2               0
   36            0.05             0.2               0
   37             0.3            0.45               0
   38             0.1             0.2               0
   39             0.3             0.4               0
   40            0.25             0.3               0
   41             0.2            0.25               0
   42             0.3            0.35               0
   43            0.15             0.2               0
   44               0            0.15               0
   45            0.35             0.5               0
   46            0.05            0.15               0
   47            0.25            0.25               0
   48            0.35            0.45               0
   49             0.3             0.3               0
   50             0.2             0.2               0
   51             0.1            0.15               0
   52            0.35             0.4               0
   53            0.15            0.15               0
   54            0.35            0.35               0
   55            0.25             0.2               0
   56             0.3            0.25               0
   57             0.4             0.5               0
   58               0             0.1               0
   59             0.4            0.45               0
   60            0.05             0.1               0
   61             0.2            0.15               0
   62            0.35             0.3               0
   63             0.4             0.4               0
   64             0.1             0.1               0
   65             0.3             0.2               0
   66            0.15             0.1               0
   67             0.4            0.35               0
   68            0.25            0.15               0
   69            0.35            0.25               0
   70             0.2             0.1               0
   71             0.4             0.3               0
   72            0.45             0.5               0
   73               0            0.05               0
   74            0.45            0.45               0
   75            0.05            0.05               0
   76            0.45             0.4               0
   77             0.3            0.15               0
   78             0.1            0.05               0
   79            0.35             0.2               0
   80             0.4            0.25               0
   81            0.25             0.1               0
   82            0.45            0.35               0
   83            0.15            0.05               0
   84            0.45             0.3               0
   85             0.2            0.05               0
   86            0.35            0.15               0
   87             0.5             0.5               0
   88               0               0               0
   89             0.4             0.2               0
   90             0.3             0.1               0
   91             0.5            0.45               0
   92            0.05               0               0
   93             0.5             0.4               0
   94             0.1               0               0
   95            0.25            0.05               0
   96            0.45            0.25               0
   97             0.5            0.35               0
   98            0.15               0               0
   99             0.4            0.15               0
  100            0.35             0.1               0
  101             0.5             0.3               0
  102             0.2               0               0
  103             0.3            0.05               0
  104            0.45             0.2               0
  105            0.55             0.5               0
  106            0.55            0.45               0
  107             0.5            0.25               0
  108            0.25               0               0
  109            0.55             0.4               0
  110             0.4             0.1               0
  111            0.45            0.15               0
  112            0.35            0.05               0
  113            0.55            0.35               0
  114             0.5             0.2               0
  115             0.3               0               0
  116            0.55             0.3               0
  117             0.6             0.5               0
  118             0.6            0.45               0
  119             0.4            0.05               0
  120            0.45             0.1               0
  121            0.55            0.25               0
  122             0.6             0.4               0
  123            0.35               0               0
  124             0.5            0.15               0
  125             0.6            0.35               0
  126            0.55             0.2               0
  127             0.6             0.3               0
  128            0.45            0.05               0
  129             0.4               0               0
  130             0.5             0.1               0
  131            0.65             0.5               0
  132             0.6            0.25               0
  133            0.65            0.45               0
  134            0.55            0.15               0
  135            0.65             0.4               0
  136            0.65            0.35               0
  137             0.6             0.2               0
  138            0.45               0               0
  139             0.5            0.05               0
  140            0.65             0.3               0
  141            0.55             0.1               0
  142             0.6            0.15               0
  143            0.65            0.25               0
  144             0.7             0.5               0
  145             0.7            0.45               0
  146             0.7             0.4               0
  147             0.5               0               0
  148            0.55            0.05               0
  149             0.7            0.35               0
  150            0.65             0.2               0
  151             0.6             0.1               0
  152             0.7             0.3               0
  153            0.65            0.15               0
  154             0.7            0.25               0
  155            0.55               0               0
  156            0.75             0.5               0
  157             0.6            0.05               0
  158            0.75            0.45               0
  159            0.75             0.4               0
  160             0.7             0.2               0
  161            0.65             0.1               0
  162            0.75            0.35               0
  163            0.75             0.3               0
  164             0.6               0               0
  165             0.7            0.15               0
  166            0.65            0.05               0
  167            0.75            0.25               0
  168             0.8             0.5               0
  169             0.8            0.45               0
  170             0.8             0.4               0
  171             0.7             0.1               0
  172            0.75             0.2               0
  173             0.8            0.35               0
  174            0.65               0               0
  175             0.8             0.3               0
  176            0.75            0.15               0
  177             0.7            0.05               0
  178             0.8            0.25               0
  179            0.75             0.1               0
  180            0.85             0.5               0
  181            0.85            0.45               0
  182             0.8             0.2               0
  183            0.85             0.4               0
  184             0.7               0               0
  185            0.85            0.35               0
  186             0.8            0.15               0
  187            0.85             0.3               0
  188            0.75            0.05               0
  189            0.85            0.25               0
  190             0.8             0.1               0
  191             0.9             0.5               0
  192            0.75               0               0
  193            0.85             0.2               0
  194             0.9            0.45               0
  195             0.9             0.4               0
  196             0.9            0.35               0
  197             0.8            0.05               0
  198            0.85            0.15               0
  199             0.9             0.3               0
  200             0.9            0.25               0
  201            0.85             0.1               0
  202             0.8               0               0
  203             0.9             0.2               0
  204            0.95             0.5               0
  205            0.95            0.45               0
  206            0.95             0.4               0
  207            0.85            0.05               0
  208            0.95            0.35               0
  209             0.9            0.15               0
  210            0.95             0.3               0
  211            0.95            0.25               0
  212             0.9             0.1               0
  213            0.85               0               0
  214            0.95             0.2               0
  215               1             0.5               0
  216               1            0.45               0
  217               1             0.4               0
  218             0.9            0.05               0
  219               1            0.35               0
  220            0.95            0.15               0
  221               1             0.3               0
  222             0.9               0               0
  223            0.95             0.1               0
  224               1            0.25               0
  225               1             0.2               0
  226            1.05             0.5               0
  227            0.95            0.05               0
  228            1.05            0.45               0
  229            1.05             0.4               0
  230               1            0.15               0
  231            1.05            0.35               0
  232            1.05             0.3               0
  233            0.95               0               0
  234               1             0.1               0
  235            1.05            0.25               0
  236            1.05             0.2               0
  237               1            0.05               0
  238             1.1             0.5               0
  239             1.1            0.45               0
  240             1.1             0.4               0
  241            1.05            0.15               0
  242             1.1            0.35               0
  243               1               0               0
  244             1.1             0.3               0
  245            1.05             0.1               0
  246             1.1            0.25               0
  247             1.1             0.2               0
  248            1.05            0.05               0
  249            1.15             0.5               0
  250            1.15            0.45               0
  251            1.15             0.4               0
  252             1.1            0.15               0
  253            1.15            0.35               0
  254            1.05               0               0
  255            1.15             0.3               0
  256             1.1             0.1               0
  257            1.15            0.25               0
  258            1.15             0.2               0
  259             1.1            0.05               0
  260             1.2             0.5               0
  261             1.2            0.45               0
  262            1.15            0.15               0
  263             1.2             0.4               0
  264             1.1               0               0
  265             1.2            0.35               0
  266             1.2             0.3               0
  267            1.15             0.1               0
  268             1.2            0.25               0
  269            1.15            0.05               0
  270             1.2             0.2               0
  271             1.2            0.15               0
  272            1.25             0.5               0
  273            1.25            0.45               0
  274            1.15               0               0
  275            1.25             0.4               0
  276            1.25            0.35               0
  277             1.2             0.1               0
  278            1.25             0.3               0
  279            1.25            0.25               0
  280             1.2            0.05               0
  281            1.25             0.2               0
  282            1.25            0.15               0
  283             1.3             0.5               0
  284             1.2               0               0
  285             1.3            0.45               0
  286             1.3             0.4               0
  287             1.3            0.35               0
  288            1.25             0.1               0
  289             1.3             0.3               0
  290             1.3            0.25               0
  291            1.25            0.05               0
  292             1.3             0.2               0
  293            1.25               0               0
  294             1.3            0.15               0
  295            1.35             0.5               0
  296            1.35            0.45               0
  297            1.35             0.4               0
  298            1.35            0.35               0
  299             1.3             0.1               0
  300            1.35             0.3               0
  301            1.35            0.25               0
  302             1.3            0.05               0
  303            1.35             0.2               0
  304             1.3               0               0
  305            1.35            0.15               0
  306             1.4             0.5               0
  307             1.4            0.45               0
  308             1.4             0.4               0
  309            1.35             0.1               0
  310             1.4            0.35               0
  311             1.4             0.3               0
  312             1.4            0.25               0
  313            1.35            0.05               0
  314             1.4             0.2               0
  315            1.35               0               0
  316             1.4            0.15               0
  317            1.45             0.5               0
  318            1.45            0.45               0
  319            1.45             0.4               0
  320             1.4             0.1               0
  321            1.45            0.35               0
  322            1.45             0.3               0
  323             1.4            0.05               0
  324            1.45            0.25               0
  325            1.45             0.2               0
  326             1.4               0               0
  327            1.45            0.15               0
  328             1.5             0.5               0
  329             1.5            0.45               0
  330             1.5             0.4               0
  331            1.45             0.1               0
  332             1.5            0.35               0
  333             1.5             0.3               0
  334            1.45            0.05               0
  335             1.5            0.25               0
  336             1.5             0.2               0
  337            1.45               0               0
  338             1.5            0.15               0
  339            1.55             0.5               0
  340            1.55            0.45               0
  341             1.5             0.1               0
  342            1.55             0.4               0
  343            1.55            0.35               0
  344            1.55             0.3               0
  345             1.5            0.05               0
  346            1.55            0.25               0
  347            1.55             0.2               0
  348             1.5               0               0
  349            1.55            0.15               0
  350             1.6             0.5               0
  351            1.55             0.1               0
  352             1.6            0.45               0
  353             1.6             0.4               0
  354             1.6            0.35               0
  355             1.6             0.3               0
  356            1.55            0.05               0
  357             1.6            0.25               0
  358             1.6             0.2               0
  359            1.55               0               0
  360             1.6            0.15               0
  361             1.6             0.1               0
  362            1.65             0.5               0
  363            1.65            0.45               0
  364            1.65             0.4               0
  365            1.65            0.35               0
  366             1.6            0.05               0
  367            1.65             0.3               0
  368            1.65            0.25               0
  369             1.6               0               0
  370            1.65             0.2               0
  371            1.65            0.15               0
  372            1.65             0.1               0
  373             1.7             0.5               0
  374             1.7            0.45               0
  375             1.7             0.4               0
  376             1.7            0.35               0
  377            1.65            0.05               0
  378             1.7             0.3               0
  379             1.7            0.25               0
  380            1.65               0               0
  381             1.7             0.2               0
  382             1.7            0.15               0
  383             1.7             0.1               0
  384            1.75             0.5               0
  385            1.75            0.45               0
  386            1.75             0.4               0
  387            1.75            0.35               0
  388             1.7            0.05               0
  389            1.75             0.3               0
  390            1.75            0.25               0
  391             1.7               0               0
  392            1.75             0.2               0
  393            1.75            0.15               0
  394            1.75             0.1               0
  395             1.8             0.5               0
  396             1.8            0.45               0
  397             1.8             0.4               0
  398             1.8            0.35               0
  399            1.75            0.05               0
  400             1.8             0.3               0
  401             1.8            0.25               0
  402            1.75               0               0
  403             1.8             0.2               0
  404             1.8            0.15               0
  405             1.8             0.1               0
  406            1.85             0.5               0
  407            1.85            0.45               0
  408            1.85             0.4               0
  409             1.8            0.05               0
  410            1.85            0.35               0
  411            1.85             0.3               0
  412            1.85            0.25               0
  413             1.8               0               0
  414            1.85             0.2               0
  415            1.85            0.15               0
  416            1.85             0.1               0
  417             1.9             0.5               0
  418             1.9            0.45               0
  419             1.9             0.4               0
  420            1.85            0.05               0
  421             1.9            0.35               0
  422             1.9             0.3               0
  423             1.9            0.25               0
  424            1.85               0               0
  425             1.9             0.2               0
  426             1.9            0.15               0
  427             1.9             0.1               0
  428            1.95             0.5               0
  429            1.95            0.45               0
  430             1.9            0.05               0
  431            1.95             0.4               0
  432            1.95            0.35               0
  433            1.95             0.3               0
  434             1.9               0               0
  435            1.95            0.25               0
  436            1.95             0.2               0
  437            1.95            0.15               0
  438            1.95             0.1               0
  439               2             0.5               0
  440               2            0.45               0
  441            1.95            0.05               0
  442               2             0.4               0
  443               2            0.35               0
  444               2             0.3               0
  445            1.95               0               0
  446               2            0.25               0
  447               2             0.2               0
  448               2            0.15               0
  449               2             0.1               0
  450               2            0.05               0
  451            2.05             0.5               0
  452            2.05            0.45               0
  453            2.05             0.4               0
  454            2.05            0.35               0
  455            2.05             0.3               0
  456               2               0               0
  457            2.05            0.25               0
  458            2.05             0.2               0
  459            2.05            0.15               0
  460            2.05             0.1               0
  461            2.05            0.05               0
  462             2.1             0.5               0
  463             2.1            0.45               0
  464             2.1             0.4               0
  465             2.1            0.35               0
  466             2.1             0.3               0
  467            2.05               0               0
  468             2.1            0.25               0
  469             2.1             0.2               0
  470             2.1            0.15               0
  471             2.1             0.1               0
  472             2.1            0.05               0
  473            2.15             0.5               0
  474            2.15            0.45               0
  475            2.15             0.4               0
  476            2.15            0.35               0
  477             2.1               0               0
  478            2.15             0.3               0
  479            2.15            0.25               0
  480            2.15             0.2               0
  481            2.15            0.15               0
  482            2.15             0.1               0
  483            2.15            0.05               0
  484             2.2             0.5               0
  485             2.2            0.45               0
  486             2.2             0.4               0
  487             2.2            0.35               0
  488            2.15               0               0
  489             2.2             0.3               0
  490             2.2            0.25               0
  491             2.2             0.2               0
  492             2.2            0.15               0
  493             2.2             0.1               0
  494             2.2            0.05               0
  495            2.25             0.5               0
  496            2.25            0.45               0
  497            2.25             0.4               0
  498            2.25            0.35               0
  499             2.2               0               0
  500            2.25             0.3               0
  501            2.25            0.25               0
  502            2.25             0.2               0
  503            2.25            0.15               0
  504            2.25             0.1               0
  505            2.25            0.05               0
  506             2.3             0.5               0
  507             2.3            0.45               0
  508             2.3             0.4               0
  509            2.25               0               0
  510             2.3            0.35               0
  511             2.3             0.3               0
  512             2.3            0.25               0
  513             2.3             0.2               0
  514             2.3            0.15               0
  515             2.3             0.1               0
  516             2.3            0.05               0
  517            2.35             0.5               0
  518            2.35            0.45               0
  519            2.35             0.4               0
  520             2.3               0               0
  521            2.35            0.35               0
  522            2.35             0.3               0
  523            2.35            0.25               0
  524            2.35             0.2               0
  525            2.35            0.15               0
  526            2.35             0.1               0
  527            2.35            0.05               0
  528             2.4             0.5               0
  529             2.4            0.45               0
  530             2.4             0.4               0
  531            2.35               0               0
  532             2.4            0.35               0
  533             2.4             0.3               0
  534             2.4            0.25               0
  535             2.4             0.2               0
  536             2.4            0.15               0
  537             2.4             0.1               0
  538             2.4            0.05               0
  539            2.45             0.5               0
  540            2.45            0.45               0
  541             2.4               0               0
  542            2.45             0.4               0
  543            2.45            0.35               0
  544            2.45             0.3               0
  545            2.45            0.25               0
  546            2.45             0.2               0
  547            2.45            0.15               0
  548            2.45             0.1               0
  549            2.45            0.05               0
  550             2.5             0.5               0
  551             2.5            0.45               0
  552            2.45               0               0
  553             2.5             0.4               0
  554             2.5            0.35               0
  555             2.5             0.3               0
  556             2.5            0.25               0
  557             2.5             0.2               0
  558             2.5            0.15               0
  559             2.5             0.1               0
  560             2.5            0.05               0
  561             2.5               0               0
  562            2.55             0.5               0
  563            2.55            0.45               0
  564            2.55             0.4               0
  565            2.55            0.35               0
  566            2.55             0.3               0
  567            2.55            0.25               0
  568            2.55             0.2               0
  569            2.55            0.15               0
  570            2.55             0.1               0
  571            2.55            0.05               0
  572            2.55               0               0
  573             2.6             0.5               0
  574             2.6            0.45               0
  575             2.6             0.4               0
  576             2.6            0.35               0
  577             2.6             0.3               0
  578             2.6            0.25               0
  579             2.6             0.2               0
  580             2.6            0.15               0
  581             2.6             0.1               0
  582             2.6            0.05               0
  583             2.6               0               0
  584            2.65             0.5               0
  585            2.65            0.45               0
  586            2.65             0.4               0
  587            2.65            0.35               0
  588            2.65             0.3               0
  589            2.65            0.25               0
  590            2.65             0.2               0
  591            2.65            0.15               0
  592            2.65             0.1               0
  593            2.65            0.05               0
  594            2.65               0               0
  595             2.7             0.5               0
  596             2.7            0.45               0
  597             2.7             0.4               0
  598             2.7            0.35               0
  599             2.7             0.3               0
  600             2.7            0.25               0
  601             2.7             0.2               0
  602             2.7            0.15               0
  603             2.7             0.1               0
  604             2.7            0.05               0
  605             2.7               0               0
  606            2.75             0.5               0
  607            2.75            0.45               0
  608            2.75             0.4               0
  609            2.75            0.35               0
  610            2.75             0.3               0
  611            2.75            0.25               0
  612            2.75             0.2               0
  613            2.75            0.15               0
  614            2.75             0.1               0
  615            2.75            0.05               0
  616            2.75               0               0
  617             2.8             0.5               0
  618             2.8            0.45               0
  619             2.8             0.4               0
  620             2.8            0.35               0
  621             2.8             0.3               0
  622             2.8            0.25               0
  623             2.8             0.2               0
  624             2.8            0.15               0
  625             2.8             0.1               0
  626             2.8            0.05               0
  627             2.8               0               0
  628            2.85             0.5               0
  629            2.85            0.45               0
  630            2.85             0.4               0
  631            2.85            0.35               0
  632            2.85             0.3               0
  633            2.85            0.25               0
  634            2.85             0.2               0
  635            2.85            0.15               0
  636            2.85             0.1               0
  637            2.85            0.05               0
  638            2.85               0               0
  639             2.9             0.5               0
  640             2.9            0.45               0
  641             2.9             0.4               0
  642             2.9            0.35               0
  643             2.9             0.3               0
  644             2.9            0.25               0
  645             2.9             0.2               0
  646             2.9            0.15               0
  647             2.9             0.1               0
  648             2.9            0.05               0
  649             2.9               0               0
  650            2.95             0.5               0
  651            2.95            0.45               0
  652            2.95             0.4               0
  653            2.95            0.35               0
  654            2.95             0.3               0
  655            2.95            0.25               0
  656            2.95             0.2               0
  657            2.95            0.15               0
  658            2.95             0.1               0
  659            2.95            0.05               0
  660            2.95               0               0
  661               3             0.5               0
  662               3            0.45               0
  663               3             0.4               0
  664               3            0.35               0
  665               3             0.3               0
  666               3            0.25               0
  667               3             0.2               0
  668               3            0.15               0
  669               3             0.1               0
  670               3            0.05               0
  671               3               0               0