-0.0456432	0.00917736	0.00216995	-9.42637e+07	-9.92439e+06	3.33838e+06	-9.43957e+07	-9.79245e+06	9.26753e-315	0.00926312	-0.045729	0.0156282
-0.0242027	0	-0.0100932	-5.31928e+07	-1.59578e+07	-1.5528e+07	-5.88184e+07	-1.03322e+07	9.26753e-315	0.00365666	-0.0278594	0.0103726
-0.0419463	0.00993535	0.00688088	-8.56389e+07	-5.82099e+06	1.0586e+07	-8.70191e+07	-4.44087e+06	9.26753e-315	0.0108324	-0.0428434	0.013719
-0.0265314	0.00917736	-0.00777605	-5.22598e+07	2.67679e+06	-1.19631e+07	-5.47519e+07	5.16887e+06	9.26753e-315	0.0107972	-0.0281513	0.00743745
-0.0409501	0.00985888	0.00735643	-8.34999e+07	-5.33222e+06	1.13176e+07	-8.51056e+07	-3.72657e+06	9.26753e-315	0.0109025	-0.0419938	0.0133248
-0.0253989	0.00993535	-0.00827125	-4.9271e+07	5.08938e+06	-1.2725e+07	-5.21023e+07	7.92066e+06	9.26753e-315	0.0117757	-0.0272393	0.00662725
-0.0399271	0.00960251	0.00715942	-8.14206e+07	-5.22115e+06	1.10145e+07	-8.29808e+07	-3.66097e+06	9.26753e-315	0.0106166	-0.0409412	0.0129963
-0.024316	0.00985888	-0.00870801	-4.69415e+07	5.63531e+06	-1.33969e+07	-5.01583e+07	8.85213e+06	9.26753e-315	0.0119498	-0.026407	0.00619593
-0.0386707	0.00927827	0.00683855	-7.88729e+07	-5.10532e+06	1.05209e+07	-8.03441e+07	-3.63416e+06	9.26753e-315	0.0102345	-0.0396269	0.0125967
-0.0233409	0.00960251	-0.0088154	-4.49674e+07	5.71479e+06	-1.35622e+07	-4.83683e+07	9.11571e+06	9.26753e-315	0.0118131	-0.0255515	0.0058879
-0.0372617	0.00892582	0.00650583	-7.60088e+07	-4.951e+06	1.0009e+07	-7.73917e+07	-3.56808e+06	9.26753e-315	0.00982471	-0.0381606	0.012144
-0.0224081	0.00927827	-0.00870023	-4.31311e+07	5.61721e+06	-1.3385e+07	-4.65645e+07	9.05055e+06	9.26753e-315	0.0115099	-0.0246398	0.00562709
-0.035778	0.00856273	0.00618234	-7.29872e+07	-4.77072e+06	9.5113e+06	-7.42885e+07	-3.4694e+06	9.26753e-315	0.00940858	-0.0366239	0.0116637
-0.0214889	0.00892582	-0.00846985	-4.13432e+07	5.44867e+06	-1.30305e+07	-4.47272e+07	8.83266e+06	9.26753e-315	0.0111254	-0.0236885	0.00538418
-0.034264	0.00819655	0.0058682	-6.99013e+07	-4.57729e+06	9.02799e+06	-7.1126e+07	-3.35255e+06	9.26753e-315	0.00899263	-0.0350601	0.0111718
-0.0205738	0.00856273	-0.00818821	-3.95714e+07	5.25402e+06	-1.25972e+07	-4.2869e+07	8.55162e+06	9.26753e-315	0.0107062	-0.0227173	0.00514761
-0.0327408	0.00783011	0.00555989	-6.67952e+07	-4.37834e+06	8.55367e+06	-6.79461e+07	-3.22736e+06	9.26753e-315	0.00857824	-0.033489	0.010676
-0.0196602	0.00819655	-0.00788718	-3.78049e+07	5.05161e+06	-1.21341e+07	-4.1002e+07	8.24869e+06	9.26753e-315	0.0102746	-0.0217383	0.004913
-0.0312165	0.00746417	0.0052545	-6.36863e+07	-4.17755e+06	8.08385e+06	-6.47649e+07	-3.09897e+06	9.26753e-315	0.00816525	-0.0319176	0.0101796
-0.0187473	0.00783011	-0.00758064	-3.60402e+07	4.84815e+06	-1.16625e+07	-3.91328e+07	7.94073e+06	9.26753e-315	0.00984028	-0.0207575	0.0046788
-0.0296935	0.00709876	0.00495032	-6.05799e+07	-3.97644e+06	7.61588e+06	-6.15866e+07	-2.96965e+06	9.26753e-315	0.00775317	-0.0303479	0.00968344
-0.0178349	0.00746417	-0.0072737	-3.4276e+07	4.64553e+06	-1.11903e+07	-3.7264e+07	7.63347e+06	9.26753e-315	0.00940633	-0.019777	0.00444458
-0.0281718	0.00673369	0.00464648	-5.74762e+07	-3.77548e+06	7.14844e+06	-5.84115e+07	-2.84019e+06	9.26753e-315	0.00734162	-0.0287797	0.00918775
-0.0169226	0.00709876	-0.00696771	-3.25121e+07	4.44388e+06	-1.07196e+07	-3.53964e+07	7.32812e+06	9.26753e-315	0.00897352	-0.0187974	0.00421024
-0.026651	0.00636879	0.00434266	-5.43744e+07	-3.57473e+06	6.68101e+06	-5.52383e+07	-2.71076e+06	9.26753e-315	0.00693037	-0.0272126	0.00869236
-0.0160106	0.00673369	-0.00666266	-3.07482e+07	4.2429e+06	-1.02502e+07	-3.35298e+07	7.02448e+06	9.26753e-315	0.00854171	-0.0178186	0.0039758
-0.0251306	0.00600395	0.00403875	-5.12735e+07	-3.37415e+06	6.21346e+06	-5.20664e+07	-2.58127e+06	9.26753e-315	0.00651933	-0.025646	0.00819715
-0.0150985	0.00636879	-0.00635821	-2.89844e+07	4.04228e+06	-9.78186e+06	-3.16641e+07	6.72204e+06	9.26753e-315	0.00811064	-0.0168404	0.00374131
-0.0236105	0.0056391	0.00373479	-4.81731e+07	-3.17372e+06	5.74584e+06	-4.88951e+07	-2.45164e+06	9.26753e-315	0.00610845	-0.0240798	0.00770202
-0.0141865	0.00600395	-0.00605405	-2.72204e+07	3.84177e+06	-9.31392e+06	-2.97991e+07	6.42045e+06	9.26753e-315	0.0076801	-0.0158626	0.0035068
-0.0220904	0.00527418	0.0034309	-4.50728e+07	-2.97349e+06	5.2783e+06	-4.57245e+07	-2.32179e+06	9.26753e-315	0.00569778	-0.022514	0.00720694
-0.0132744	0.0056391	-0.00574997	-2.54565e+07	3.64125e+06	-8.8461e+06	-2.79348e+07	6.11951e+06	9.26753e-315	0.00724997	-0.0148853	0.00327229
-0.0205704	0.00490914	0.00312727	-4.19729e+07	-2.77359e+06	4.81119e+06	-4.25548e+07	-2.19172e+06	9.26753e-315	0.00528736	-0.0209486	0.00671197
-0.0123623	0.00527418	-0.00544583	-2.36925e+07	3.4406e+06	-8.3782e+06	-2.6071e+07	5.81913e+06	9.26753e-315	0.00682022	-0.0139084	0.00303779
-0.0190509	0.004544	0.00282427	-3.8874e+07	-2.5742e+06	4.34504e+06	-3.93869e+07	-2.06135e+06	9.26753e-315	0.00487735	-0.0193842	0.00621723
-0.0114502	0.00490914	-0.00514154	-2.19285e+07	3.23974e+06	-7.91007e+06	-2.4208e+07	5.51931e+06	9.26753e-315	0.00639086	-0.0129319	0.00280331
-0.0175324	0.00417894	0.00252237	-3.57774e+07	-2.37534e+06	3.88057e+06	-3.62223e+07	-1.93043e+06	9.26753e-315	0.00446814	-0.0178216	0.00572291
-0.010538	0.004544	-0.00483706	-2.01645e+07	3.03867e+06	-7.44163e+06	-2.2346e+07	5.22022e+06	9.26753e-315	0.00596201	-0.011956	0.00256887
-0.016016	0.00381456	0.00222185	-3.26849e+07	-2.17634e+06	3.41823e+06	-3.30632e+07	-1.79805e+06	9.26753e-315	0.00406045	-0.0162619	0.00522918
-0.009626	0.00417894	-0.00453252	-1.84007e+07	2.83768e+06	-6.97311e+06	-2.04855e+07	4.92248e+06	9.26753e-315	0.00553407	-0.0109811	0.00233445
-0.0145026	0.0034522	0.00192191	-2.95977e+07	-1.97491e+06	2.95679e+06	-2.99107e+07	-1.66196e+06	9.26753e-315	0.00365562	-0.014706	0.00473589
-0.00871455	0.00381456	-0.00422851	-1.66378e+07	2.63779e+06	-6.5054e+06	-1.86278e+07	4.62787e+06	9.26753e-315	0.00510811	-0.0100081	0.0021
-0.0129919	0.00309418	0.00161873	-2.65136e+07	-1.76572e+06	2.49036e+06	-2.67617e+07	-1.5176e+06	9.26753e-315	0.00325545	-0.0131532	0.00424189
-0.00780462	0.0034522	-0.0039266	-1.48768e+07	2.44134e+06	-6.04092e+06	-1.67758e+07	4.34031e+06	9.26753e-315	0.00468652	-0.00903895	0.00186533
-0.0114787	0.00274288	0.00130234	-2.34194e+07	-1.54006e+06	2.0036e+06	-2.36013e+07	-1.35809e+06	9.26753e-315	0.00286115	-0.011597	0.00374391
-0.00689767	0.00309418	-0.00362997	-1.31196e+07	2.25248e+06	-5.58457e+06	-1.49342e+07	4.0671e+06	9.26753e-315	0.00427368	-0.00807717	0.00163007
-0.00994581	0.00239646	0.000954053	-2.02788e+07	-1.29074e+06	1.46777e+06	-2.03916e+07	-1.17795e+06	9.26753e-315	0.00246977	-0.0100191	0.00323544
-0.00599449	0.00274288	-0.00334368	-1.13662e+07	2.07588e+06	-5.14413e+06	-1.31089e+07	3.81855e+06	9.26753e-315	0.00387561	-0.00712723	0.00139355
-0.00835575	0.00203865	0.000551067	-1.70201e+07	-1.02874e+06	847795	-1.70649e+07	-983918	9.26753e-315	0.00206778	-0.00838489	0.00270733
-0.00509028	0.00239646	-0.00307222	-9.60734e+06	1.91072e+06	-4.72649e+06	-1.12986e+07	3.60193e+06	9.26753e-315	0.00349575	-0.00618957	0.00115449
-0.00665216	0.00162901	9.0947e-05	-1.35461e+07	-805791	139918	-1.35476e+07	-804254	9.26753e-315	0.00163001	-0.00665316	0.00215278
-0.00416163	0.00203865	-0.00280921	-7.80228e+06	1.73661e+06	-4.32187e+06	-9.46915e+06	3.40348e+06	9.26753e-315	0.00312211	-0.0052451	0.00090985
-0.00480618	0.00113006	-0.000361445	-9.81793e+06	-685250	-556069	-9.85166e+06	-651517	9.26753e-315	0.00115199	-0.0048281	0.00157548
-0.00315235	0.00162901	-0.00251423	-5.85416e+06	1.50178e+06	-3.86804e+06	-7.51371e+06	3.16134e+06	9.26753e-315	0.00270773	-0.00423106	0.000652857
-0.00290716	0.000566443	-0.000663022	-6.01587e+06	-671877	-1.02003e+06	-6.20395e+06	-483797	9.26753e-315	0.000688694	-0.00302941	0.00100316
-0.00202391	0.00113006	-0.00210989	-3.70305e+06	1.14921e+06	-3.24599e+06	-5.32939e+06	2.77556e+06	9.26753e-315	0.00218719	-0.00308103	0.000383075
-0.00122067	5.53661e-05	-0.000663496	-2.64628e+06	-683151	-1.02076e+06	-3.08085e+06	-248585	9.26753e-315	0.000337834	-0.00150313	0.000499414
-0.000868024	0.000566443	-0.00152722	-1.53427e+06	672606	-2.34956e+06	-3.0266e+06	2.16494e+06	9.26753e-315	0.00153646	-0.00183804	0.000129249
-0.000168977	-0.000168977	-0.000313814	-482792	-482792	-482792	-965583	-1.22236e-08	9.26753e-315	0.000144837	-0.000482792	0.000144837
3.56359e-05	5.53661e-05	-0.000742771	114826	145180	-1.14272e+06	-1.01282e+06	1.27283e+06	9.26753e-315	0.000788337	-0.000697335	-3.90009e-05
-0.0242027	0.00288771	0.00653871	-5.12888e+07	-9.61122e+06	1.00596e+07	-5.35898e+07	-7.31022e+06	9.26753e-315	0.00438336	-0.0256984	0.009135
-0.00757081	0	-0.00720547	-1.66392e+07	-4.99175e+06	-1.10853e+07	-2.33374e+07	1.70655e+06	9.26753e-315	0.00435389	-0.0119247	0.00324463
-0.0265314	0.00509978	0.00532688	-5.49483e+07	-6.28493e+06	8.1952e+06	-5.62914e+07	-4.94188e+06	9.26753e-315	0.00597276	-0.0274044	0.00918498
-0.00861989	0.00288771	-0.0103726	-1.70408e+07	663164	-1.59578e+07	-2.64374e+07	1.00597e+07	9.26753e-315	0.00899546	-0.0147276	0.00245665
-0.0253989	0.00531361	0.00594714	-5.23183e+07	-5.06829e+06	9.14945e+06	-5.40281e+07	-3.35847e+06	9.26753e-315	0.00642499	-0.0265103	0.00860799
-0.00886854	0.00509978	-0.0103694	-1.61288e+07	5.36092e+06	-1.59529e+07	-2.4618e+07	1.38501e+07	9.26753e-315	0.0106177	-0.0143865	0.00161518
-0.024316	0.00509028	0.00588167	-5.00856e+07	-4.84514e+06	9.04872e+06	-5.18284e+07	-3.1024e+06	9.26753e-315	0.00622305	-0.0254488	0.00823962
-0.00839355	0.00531361	-0.0102642	-1.49439e+07	6.14405e+06	-1.5791e+07	-2.33876e+07	1.45878e+07	9.26753e-315	0.010802	-0.013882	0.00131997
-0.0233409	0.00482635	0.00558246	-4.81165e+07	-4.78226e+06	8.58839e+06	-4.97566e+07	-3.1422e+06	9.26753e-315	0.00589239	-0.024407	0.00793482
-0.00792169	0.00509028	-0.0101007	-1.40541e+07	5.96433e+06	-1.55396e+07	-2.2529e+07	1.44392e+07	9.26753e-315	0.010599	-0.0134304	0.00121346
-0.0224081	0.00458962	0.00524239	-4.62225e+07	-4.68752e+06	8.06522e+06	-4.77337e+07	-3.17641e+06	9.26753e-315	0.00557185	-0.0233904	0.00763651
-0.00753366	0.00482635	-0.00986882	-1.33753e+07	5.64012e+06	-1.51828e+07	-2.17817e+07	1.40465e+07	9.26753e-315	0.0102905	-0.0129978	0.00116027
-0.0214889	0.00437898	0.00491048	-4.43411e+07	-4.54438e+06	7.55458e+06	-4.5727e+07	-3.15856e+06	9.26753e-315	0.00527976	-0.0223897	0.00733283
-0.00719761	0.00458962	-0.00959146	-1.27928e+07	5.3414e+06	-1.47561e+07	-2.10449e+07	1.35935e+07	9.26753e-315	0.00995349	-0.0125615	0.00111771
-0.0205738	0.00418417	0.00459186	-4.24584e+07	-4.36917e+06	7.0644e+06	-4.37264e+07	-3.10115e+06	9.26753e-315	0.00500839	-0.021398	0.00702414
-0.00688499	0.00437898	-0.00929178	-1.22446e+07	5.08458e+06	-1.42951e+07	-2.0296e+07	1.3136e+07	9.26753e-315	0.00961238	-0.0121184	0.001074
-0.0196602	0.00399734	0.00428206	-4.05736e+07	-4.1774e+06	6.58778e+06	-4.17293e+07	-3.0217e+06	9.26753e-315	0.00474855	-0.0204114	0.00671266
-0.00658082	0.00418417	-0.00898416	-1.17045e+07	4.85699e+06	-1.38218e+07	-1.95363e+07	1.26887e+07	9.26753e-315	0.00927481	-0.0116715	0.00102713
-0.0187473	0.00381394	0.00397659	-3.86882e+07	-3.97857e+06	6.11783e+06	-3.9735e+07	-2.93183e+06	9.26753e-315	0.00449433	-0.0194277	0.00640002
-0.0062787	0.00399734	-0.00867542	-1.11637e+07	4.64557e+06	-1.33468e+07	-1.8771e+07	1.22529e+07	9.26753e-315	0.00894209	-0.0112235	0.000977725
-0.0178349	0.00363172	0.00367275	-3.68029e+07	-3.77744e+06	5.65038e+06	-3.77429e+07	-2.83746e+06	9.26753e-315	0.00424271	-0.0184458	0.00608706
-0.00597643	0.00381394	-0.0083679	-1.06203e+07	4.44179e+06	-1.28737e+07	-1.8004e+07	1.18255e+07	9.26753e-315	0.00861333	-0.0107758	0.000926778
-0.0169226	0.00344973	0.00336926	-3.49181e+07	-3.57596e+06	5.18347e+06	-3.57531e+07	-2.74094e+06	9.26753e-315	0.00399249	-0.0174654	0.0057741
-0.00567351	0.00363172	-0.00806186	-1.00747e+07	4.24103e+06	-1.24029e+07	-1.7237e+07	1.14033e+07	9.26753e-315	0.00828719	-0.010329	0.000875052
-0.0160106	0.00326765	0.00306567	-3.30335e+07	-3.37476e+06	4.71641e+06	-3.37655e+07	-2.64281e+06	9.26753e-315	0.00374342	-0.0164863	0.00546124
-0.00537007	0.00344973	-0.0077569	-9.5278e+06	4.04113e+06	-1.19337e+07	-1.64707e+07	1.09841e+07	9.26753e-315	0.00796265	-0.00988299	0.000823001
-0.0150985	0.0030854	0.00276192	-3.11492e+07	-3.17396e+06	4.24911e+06	-3.17804e+07	-2.54281e+06	9.26753e-315	0.00349565	-0.0155088	0.00514848
-0.0050663	0.00326765	-0.00745255	-8.98023e+06	3.84123e+06	-1.14655e+07	-1.57055e+07	1.05665e+07	9.26753e-315	0.00763906	-0.00943772	0.000770851
-0.0141865	0.00290297	0.00245808	-2.9265e+07	-2.97357e+06	3.78167e+06	-2.97982e+07	-2.44044e+06	9.26753e-315	0.00324951	-0.014533	0.00483579
-0.00476236	0.0030854	-0.00714847	-8.4324e+06	3.64109e+06	-1.09976e+07	-1.49412e+07	1.01499e+07	9.26753e-315	0.00731612	-0.00899308	0.000718697
-0.0132744	0.00272032	0.00215431	-2.7381e+07	-2.77364e+06	3.31433e+06	-2.78196e+07	-2.33506e+06	9.26753e-315	0.0030054	-0.0135595	0.00452319
-0.0044583	0.00290297	-0.00684448	-7.88441e+06	3.44063e+06	-1.053e+07	-1.41778e+07	9.73404e+06	9.26753e-315	0.00699369	-0.00854901	0.000666567
-0.0123623	0.00253738	0.0018508	-2.5497e+07	-2.57434e+06	2.84739e+06	-2.58454e+07	-2.22594e+06	9.26753e-315	0.00276384	-0.0125888	0.0042107
-0.00415405	0.00272032	-0.00654043	-7.33616e+06	3.2398e+06	-1.00622e+07	-1.34153e+07	9.31891e+06	9.26753e-315	0.00667175	-0.00810547	0.000614454
-0.0114502	0.00235412	0.00154777	-2.36131e+07	-2.37569e+06	2.38119e+06	-2.38768e+07	-2.11198e+06	9.26753e-315	0.00252553	-0.0116216	0.00389832
-0.00384945	0.00253738	-0.00623623	-6.78733e+06	3.03856e+06	-9.5942e+06	-1.26533e+07	8.90456e+06	9.26753e-315	0.00635028	-0.00766235	0.000562317
-0.010538	0.00217083	0.00124533	-2.17292e+07	-2.17709e+06	1.9159e+06	-2.19152e+07	-1.99112e+06	9.26753e-315	0.00229171	-0.0106589	0.00358594
-0.00354427	0.00235412	-0.00593171	-6.23744e+06	2.83701e+06	-9.12571e+06	-1.18916e+07	8.49121e+06	9.26753e-315	0.00602935	-0.0072195	0.000510064
-0.009626	0.00198861	0.000943108	-1.98449e+07	-1.97624e+06	1.45093e+06	-1.99619e+07	-1.85919e+06	9.26753e-315	0.00206469	-0.00970208	0.00327317
-0.00323839	0.00217083	-0.00562673	-5.68601e+06	2.63587e+06	-8.65651e+06	-1.11297e+07	8.07954e+06	9.26753e-315	0.00570922	-0.00677677	0.000457522
-0.00871455	0.0018102	0.000639405	-1.79593e+07	-1.76739e+06	983700	-1.80189e+07	-1.70785e+06	9.26753e-315	0.00184891	-0.00875325	0.00295901
-0.00293228	0.00198861	-0.00532128	-5.13339e+06	2.43721e+06	-8.18659e+06	-1.03674e+07	7.67126e+06	9.26753e-315	0.00539075	-0.00633441	0.000404427
-0.00780462	0.00164091	0.000329791	-1.60711e+07	-1.53951e+06	507371	-1.60888e+07	-1.52181e+06	9.26753e-315	0.00165241	-0.00781612	0.00264159
-0.00262809	0.0018102	-0.00501603	-4.58248e+06	2.24566e+06	-7.71697e+06	-9.60687e+06	7.27004e+06	9.26753e-315	0.00507605	-0.00589394	0.000350524
-0.00689767	0.00148831	5.28669e-06	-1.41784e+07	-1.2769e+06	8133.37	-1.41784e+07	-1.27689e+06	9.26753e-315	0.00148832	-0.00689767	0.0023183
-0.00233149	0.00164091	-0.00471349	-4.04224e+06	2.06915e+06	-7.25152e+06	-8.85559e+06	6.8825e+06	9.26753e-315	0.00476959	-0.00546017	0.000295962
-0.00599449	0.00135732	-0.000348707	-1.22798e+07	-969300	-536473	-1.23052e+07	-943912	9.26753e-315	0.00137382	-0.006011	0.00198736
-0.00205377	0.00148831	-0.00442043	-3.53247e+06	1.91688e+06	-6.80066e+06	-8.13397e+06	6.51838e+06	9.26753e-315	0.00447929	-0.00504474	0.000242338
-0.00509028	0.00123418	-0.000749799	-1.03737e+07	-643747	-1.15354e+06	-1.05086e+07	-508858	9.26753e-315	0.00132186	-0.00517795	0.00165261
-0.00181151	0.00135732	-0.0041517	-3.08641e+06	1.78871e+06	-6.38723e+06	-7.4854e+06	6.1877e+06	9.26753e-315	0.00421666	-0.00467086	0.000194655
-0.00416163	0.00105498	-0.00120534	-8.45085e+06	-425291	-1.85437e+06	-8.85861e+06	-17538.7	9.26753e-315	0.00132002	-0.00442667	0.00133142
-0.0016147	0.00123418	-0.00393147	-2.73506e+06	1.64784e+06	-6.04841e+06	-6.97678e+06	5.88956e+06	9.26753e-315	0.0039913	-0.00437183	0.000163083
-0.00315235	0.000687358	-0.00166959	-6.47503e+06	-567793	-2.56861e+06	-7.43569e+06	392870	9.26753e-315	0.00131179	-0.00377678	0.00105642
-0.00142106	0.00105498	-0.0037685	-2.42762e+06	1.38168e+06	-5.7977e+06	-6.62551e+06	5.57957e+06	9.26753e-315	0.00378361	-0.00414969	0.00015689
-0.00202391	6.2311e-05	-0.00193821	-4.40706e+06	-1.1975e+06	-2.98187e+06	-6.18856e+06	583993	9.26753e-315	0.00122028	-0.00318188	0.000840684
-0.00104303	0.000687358	-0.00354414	-1.83917e+06	822966	-5.45252e+06	-6.12074e+06	5.10454e+06	9.26753e-315	0.00347038	-0.00382605	0.00015243
-0.000868024	-0.000689638	-0.00169297	-2.36245e+06	-2.08801e+06	-2.60457e+06	-4.83341e+06	382948	9.26753e-315	0.000916485	-0.00247415	0.000667569
-0.000322207	6.2311e-05	-0.00299073	-667064	-75497.2	-4.60113e+06	-4.98191e+06	4.23935e+06	9.26753e-315	0.00286696	-0.00312686	0.000111384
3.56359e-05	-0.00126013	-0.000728324	-752532	-2.74601e+06	-1.1205e+06	-3.24894e+06	-249604	9.26753e-315	0.000362539	-0.00158703	0.000524782
0.000568479	-0.000689638	-0.00183165	794697	-1.14087e+06	-2.81793e+06	-3.15257e+06	2.8064e+06	9.26753e-315	0.00187609	-0.00199725	5.19256e-05
-0.00757081	-0.000198205	0.00864462	-1.67698e+07	-5.42736e+06	1.32994e+07	-2.55567e+07	3.35953e+06	9.26753e-315	0.00551327	-0.0132823	0.00332958
0.00827928	0	-0.00740368	1.81962e+07	5.45887e+06	-1.13903e+07	-1.2223e+06	2.48774e+07	9.26753e-315	0.012622	-0.00434276	-0.00354826
-0.00861989	0.000106758	0.00610414	-1.88744e+07	-5.44881e+06	9.39099e+06	-2.37051e+07	-618114	9.26753e-315	0.00324671	-0.0117598	0.00364848
0.00863862	-0.000198205	-0.0108494	1.88553e+07	5.26018e+06	-1.66914e+07	-5.96473e+06	3.00802e+07	9.26753e-315	0.0159348	-0.0074944	-0.00361732
-0.00886854	0.000400727	0.00534201	-1.92271e+07	-4.96667e+06	8.21848e+06	-2.29773e+07	-1.21648e+06	9.26753e-315	0.00283836	-0.0113062	0.00362906
0.00827769	0.000106758	-0.0115103	1.82631e+07	5.69245e+06	-1.77081e+07	-6.81268e+06	3.07682e+07	9.26753e-315	0.016406	-0.00802158	-0.00359333
-0.00839355	0.000383441	0.00520744	-1.81945e+07	-4.69148e+06	8.01145e+06	-2.192e+07	-966056	9.26753e-315	0.00280497	-0.0108151	0.0034329
0.00789702	0.000400727	-0.0111004	1.76203e+07	6.08754e+06	-1.70775e+07	-6.17089e+06	2.98787e+07	9.26753e-315	0.015865	-0.00756725	-0.00355618
-0.00792169	0.00029431	0.00500223	-1.72163e+07	-4.57626e+06	7.69574e+06	-2.08545e+07	-937999	9.26753e-315	0.00265918	-0.0102866	0.00326888
0.00763215	0.000383441	-0.0106407	1.70268e+07	5.87492e+06	-1.63704e+07	-5.84308e+06	2.87448e+07	9.26753e-315	0.0152489	-0.00723326	-0.00343525
-0.00753366	0.000224993	0.00472202	-1.64091e+07	-4.47276e+06	7.26465e+06	-1.98428e+07	-1.03912e+06	9.26753e-315	0.00245686	-0.00976552	0.00313229
0.00737348	0.00029431	-0.0102544	1.63995e+07	5.50847e+06	-1.57761e+07	-5.73546e+06	2.76434e+07	9.26753e-315	0.014682	-0.00701425	-0.0032862
-0.00719761	0.000186725	0.00441564	-1.56958e+07	-4.33529e+06	6.79329e+06	-1.88707e+07	-1.16037e+06	9.26753e-315	0.00225042	-0.00926131	0.00300466
0.00709313	0.000224993	-0.00991337	1.57377e+07	5.17128e+06	-1.52513e+07	-5.68603e+06	2.6595e+07	9.26753e-315	0.0141504	-0.00683226	-0.00313634
-0.00688499	0.000170006	0.00410549	-1.50198e+07	-4.16591e+06	6.31615e+06	-1.79202e+07	-1.26546e+06	9.26753e-315	0.0020553	-0.00877028	0.00287785
0.00679649	0.000186725	-0.0095927	1.50605e+07	4.89159e+06	-1.4758e+07	-5.63328e+06	2.55853e+07	9.26753e-315	0.0136377	-0.00665444	-0.00299281
-0.00658082	0.000164652	0.00379748	-1.43548e+07	-3.97713e+06	5.84228e+06	-1.69798e+07	-1.35211e+06	9.26753e-315	0.00187091	-0.00828708	0.00274979
0.00649238	0.000170006	-0.00928107	1.43811e+07	4.65433e+06	-1.42786e+07	-5.5664e+06	2.46018e+07	9.26753e-315	0.0131359	-0.00647347	-0.00285531
-0.0062787	0.000164089	0.00349174	-1.36912e+07	-3.77917e+06	5.37191e+06	-1.6044e+07	-1.42632e+06	9.26753e-315	0.00169344	-0.00780806	0.00262055
0.0061862	0.000164652	-0.00897373	1.37046e+07	4.44069e+06	-1.38057e+07	-5.48941e+06	2.36347e+07	9.26753e-315	0.0126408	-0.00628991	-0.0027218
-0.00597643	0.000164966	0.00318727	-1.30262e+07	-3.57794e+06	4.90349e+06	-1.5111e+07	-1.49313e+06	9.26753e-315	0.00152009	-0.00733155	0.00249063
0.0058802	0.000164089	-0.00866848	1.30317e+07	4.23769e+06	-1.33361e+07	-5.40759e+06	2.2677e+07	9.26753e-315	0.0121496	-0.00610534	-0.00259041
-0.00567351	0.000165918	0.00288331	-1.23599e+07	-3.37612e+06	4.43587e+06	-1.4181e+07	-1.55501e+06	9.26753e-315	0.00134964	-0.00685724	0.0023604
0.00557492	0.000164966	-0.00836417	1.23613e+07	4.03833e+06	-1.28679e+07	-5.3243e+06	2.1724e+07	9.26753e-315	0.0116606	-0.00592074	-0.00245995
-0.00537007	0.000166555	0.00257948	-1.16925e+07	-3.17465e+06	3.96843e+06	-1.32548e+07	-1.61233e+06	9.26753e-315	0.00118206	-0.00638557	0.00223008
0.00527026	0.000165918	-0.00806021	1.16924e+07	3.83955e+06	-1.24003e+07	-5.24114e+06	2.07731e+07	9.26753e-315	0.0111727	-0.00573653	-0.00232979
-0.0050663	0.000166857	0.00227564	-1.10247e+07	-2.9737e+06	3.50098e+06	-1.23341e+07	-1.66427e+06	9.26753e-315	0.00101799	-0.00591743	0.00209976
0.00496599	0.000166555	-0.00775635	1.10241e+07	3.64033e+06	-1.19328e+07	-5.1587e+06	1.98231e+07	9.26753e-315	0.0106854	-0.00555282	-0.00219966
-0.00476236	0.000166873	0.00197177	-1.03567e+07	-2.77326e+06	3.03349e+06	-1.14208e+07	-1.70914e+06	9.26753e-315	0.000858553	-0.00545404	0.0019695
0.00466191	0.000166857	-0.00745249	1.0356e+07	3.44051e+06	-1.14654e+07	-5.07717e+06	1.88737e+07	9.26753e-315	0.0101984	-0.00536964	-0.00206947
-0.0044583	0.000166614	0.0016679	-9.6886e+06	-2.57335e+06	2.566e+06	-1.05174e+07	-1.74452e+06	9.26753e-315	0.000705357	-0.00499704	0.00183929
0.00435796	0.000166873	-0.00714862	9.68796e+06	3.24014e+06	-1.09979e+07	-4.99662e+06	1.79247e+07	9.26753e-315	0.00971185	-0.00518702	-0.00193921
-0.00415405	0.00016604	0.00136402	-9.0203e+06	-2.37401e+06	2.09849e+06	-9.62741e+06	-1.7669e+06	9.26753e-315	0.000560664	-0.00454867	0.00170915
0.00405417	0.000166614	-0.00684477	9.02011e+06	3.03926e+06	-1.05304e+07	-4.91711e+06	1.69765e+07	9.26753e-315	0.00922581	-0.00500503	-0.00180891
-0.00384945	0.000165169	0.00106003	-8.35143e+06	-2.17509e+06	1.63082e+06	-8.75559e+06	-1.77093e+06	9.26753e-315	0.000427872	-0.00411215	0.00157898
0.00375066	0.00016604	-0.00654094	8.35268e+06	2.83788e+06	-1.0063e+07	-4.83866e+06	1.60292e+07	9.26753e-315	0.00874041	-0.00482371	-0.00167858
-0.00354427	0.000164341	0.000755683	-7.68125e+06	-1.97569e+06	1.16259e+06	-7.90905e+06	-1.74789e+06	9.26753e-315	0.000312411	-0.00369234	0.00144854
0.00344761	0.000165169	-0.00623702	7.68607e+06	2.63616e+06	-9.59542e+06	-4.76096e+06	1.50832e+07	9.26753e-315	0.00825574	-0.00464296	-0.00154833
-0.00323839	0.000164767	0.000450421	-7.00869e+06	-1.77307e+06	692955	-7.09886e+06	-1.68291e+06	9.26753e-315	0.000223373	-0.00329699	0.00131726
0.00314513	0.000164341	-0.00593267	7.02072e+06	2.4349e+06	-9.12718e+06	-4.68297e+06	1.41386e+07	9.26753e-315	0.00777174	-0.00446227	-0.00141834
-0.00293228	0.000169421	0.000143364	-6.33286e+06	-1.56102e+06	220560	-6.34303e+06	-1.55084e+06	9.26753e-315	0.000176033	-0.00293889	0.00118408
0.00284283	0.000164767	-0.00562709	6.35662e+06	2.23652e+06	-8.65706e+06	-4.60222e+06	1.31954e+07	9.26753e-315	0.00728802	-0.00428042	-0.00128897
-0.00262809	0.000184146	-0.000166537	-5.65461e+06	-1.32809e+06	-256211	-5.66973e+06	-1.31297e+06	9.26753e-315	0.000193973	-0.00263792	0.00104741
0.00253903	0.000169421	-0.00531894	5.692e+06	2.04644e+06	-8.18298e+06	-4.51432e+06	1.22528e+07	9.26753e-315	0.00680353	-0.00409507	-0.00116077
-0.00233149	0.000218087	-0.00047994	-4.98036e+06	-1.05793e+06	-738369	-5.11475e+06	-923545	9.26753e-315	0.00030544	-0.00241884	0.000905744
0.0022291	0.000184146	-0.00500659	5.02053e+06	1.87445e+06	-7.70244e+06	-4.41394e+06	1.13089e+07	9.26753e-315	0.00631655	-0.00390331	-0.00103425
-0.00205377	0.00028092	-0.00079642	-4.32855e+06	-736727	-1.22526e+06	-4.70671e+06	-358573	9.26753e-315	0.00052672	-0.00229957	0.000759792
0.00190287	0.000218087	-0.00469022	4.32592e+06	1.73395e+06	-7.21573e+06	-4.30125e+06	1.03611e+07	9.26753e-315	0.00582575	-0.00370479	-0.000908981
-0.00181151	0.000370808	-0.00111555	-3.73686e+06	-379441	-1.71624e+06	-4.45888e+06	342585	9.26753e-315	0.000840125	-0.00228083	0.000617445
0.00154135	0.00028092	-0.00437853	3.57281e+06	1.63368e+06	-6.7362e+06	-4.20237e+06	9.40886e+06	9.26753e-315	0.00533479	-0.00351252	-0.000780973
-0.0016147	0.000439993	-0.00144416	-3.2587e+06	-97622.5	-2.22179e+06	-4.40478e+06	1.04846e+06	9.26753e-315	0.00118495	-0.00235966	0.000503448
0.00111521	0.000370808	-0.0041049	2.69551e+06	1.55027e+06	-6.31523e+06	-4.21825e+06	8.46402e+06	9.26753e-315	0.00486475	-0.00337873	-0.000636866
-0.00142106	0.000315376	-0.00180753	-2.91527e+06	-243829	-2.78081e+06	-4.66452e+06	1.50543e+06	9.26753e-315	0.00145239	-0.00255808	0.000473865
0.000599542	0.000439993	-0.00395275	1.60778e+06	1.36232e+06	-6.08115e+06	-4.59734e+06	7.56744e+06	9.26753e-315	0.00447332	-0.00343378	-0.000445515
-0.00104303	-0.000394629	-0.00219208	-2.55256e+06	-1.55503e+06	-3.37243e+06	-5.46291e+06	1.35532e+06	9.26753e-315	0.0014971	-0.00293475	0.000616139
7.93409e-05	0.000315376	-0.00402445	382316	745446	-6.19147e+06	-5.63025e+06	6.75801e+06	9.26753e-315	0.00422354	-0.00382883	-0.000169164
-0.000322207	-0.00173087	-0.00208809	-1.84938e+06	-4.01656e+06	-3.21245e+06	-6.32325e+06	457303	9.26753e-315	0.00117714	-0.00323022	0.000879892
0.000209257	-0.000394629	-0.0039558	199711	-729345	-6.08585e+06	-6.36837e+06	5.83873e+06	9.26753e-315	0.00387462	-0.00405999	7.9445e-05
0.000568479	-0.00325986	-0.000796739	-899952	-6.7897e+06	-1.22575e+06	-7.03461e+06	-655037	9.26753e-315	0.000727673	-0.00341905	0.00115345
0.00124657	-0.00173087	-0.00300381	1.59847e+06	-2.98221e+06	-4.62124e+06	-5.84954e+06	4.4658e+06	9.26753e-315	0.00311033	-0.00359464	0.000207561
0.00827928	-0.00318741	0.00898159	1.60946e+07	-1.54644e+06	1.38178e+07	-9.11902e+06	2.36672e+07	9.26753e-315	0.0132015	-0.00810959	-0.00218223
0.0246645	0	-0.0105911	5.42078e+07	1.62623e+07	-1.6294e+07	1.02259e+07	6.02442e+07	9.26753e-315	0.0285882	-0.00392369	-0.0105705
0.00863862	-0.00445714	0.00682824	1.60472e+07	-4.10012e+06	1.0505e+07	-8.58096e+06	2.0528e+07	9.26753e-315	0.0115512	-0.00736969	-0.00179206
0.0257811	-0.00318741	-0.011584	5.45602e+07	9.99322e+06	-1.78215e+07	3.74324e+06	6.08101e+07	9.26753e-315	0.0298436	-0.0072499	-0.00968301
0.00827769	-0.00462702	0.00586527	1.51419e+07	-4.71147e+06	9.0235e+06	-8.19979e+06	1.86303e+07	9.26753e-315	0.0105451	-0.00689443	-0.00156457
0.0252341	-0.00445714	-0.011261	5.25207e+07	6.84193e+06	-1.73246e+07	1.01462e+06	5.8348e+07	9.26753e-315	0.0290218	-0.00824489	-0.0089044
0.00789702	-0.00448066	0.00546909	1.44018e+07	-4.64078e+06	8.41399e+06	-7.8258e+06	1.75868e+07	9.26753e-315	0.00996728	-0.00655092	-0.00146415
0.0242372	-0.00462702	-0.0107247	5.02178e+07	5.8113e+06	-1.64996e+07	351919	5.56772e+07	9.26753e-315	0.0277858	-0.00817562	-0.00840437
0.00763215	-0.00432416	0.00523909	1.39229e+07	-4.47146e+06	8.06014e+06	-7.50351e+06	1.69549e+07	9.26753e-315	0.00960299	-0.00629499	-0.00141771
0.0232331	-0.00448066	-0.0102053	4.81074e+07	5.47089e+06	-1.57005e+07	313253	5.3265e+07	9.26753e-315	0.0265855	-0.00783312	-0.00803674
0.00737348	-0.00417407	0.0049892	1.34533e+07	-4.31214e+06	7.6757e+06	-7.16906e+06	1.63102e+07	9.26753e-315	0.00923048	-0.00603106	-0.00137118
0.0222911	-0.00432416	-0.00977836	4.61404e+07	5.19381e+06	-1.50436e+07	261067	5.10732e+07	9.26753e-315	0.0254974	-0.00753044	-0.00770013
0.00709313	-0.00401516	0.00470662	1.29419e+07	-4.14773e+06	7.24095e+06	-6.80314e+06	1.55974e+07	9.26753e-315	0.00881915	-0.00574117	-0.00131913
0.0213766	-0.00417407	-0.00941796	4.42295e+07	4.9207e+06	-1.44892e+07	157242	4.89929e+07	9.26753e-315	0.0244729	-0.00727032	-0.00737252
0.00679649	-0.00384454	0.00440767	1.24025e+07	-3.96835e+06	6.78103e+06	-6.41229e+06	1.48464e+07	9.26753e-315	0.00838506	-0.00543311	-0.00126512
0.0204676	-0.00401516	-0.00909285	4.23364e+07	4.67061e+06	-1.3989e+07	43542.7	4.69635e+07	9.26753e-315	0.0234752	-0.00702275	-0.00705105
0.00649238	-0.00366606	0.00410323	1.18518e+07	-3.77659e+06	6.31266e+06	-6.00785e+06	1.40831e+07	9.26753e-315	0.00794271	-0.00511639	-0.00121128
0.0195578	-0.00384454	-0.0087837	4.04493e+07	4.4457e+06	-1.35134e+07	-61971.8	4.4957e+07	9.26753e-315	0.0224878	-0.00677453	-0.00673425
0.0061862	-0.00348389	0.0037978	1.1299e+07	-3.57808e+06	5.84277e+06	-5.59839e+06	1.33193e+07	9.26753e-315	0.0074994	-0.00479709	-0.00115814
0.0186466	-0.00366606	-0.00848046	3.85644e+07	4.23721e+06	-1.30469e+07	-158637	4.29603e+07	9.26753e-315	0.0215039	-0.00652336	-0.00642025
0.0058802	-0.00330058	0.0034927	1.07473e+07	-3.37698e+06	5.37339e+06	-5.18879e+06	1.25591e+07	9.26753e-315	0.00705788	-0.00447826	-0.00110555
0.0177348	-0.00348389	-0.00817855	3.66804e+07	4.03635e+06	-1.25824e+07	-250479	4.09672e+07	9.26753e-315	0.0205212	-0.00627033	-0.00610751
0.00557492	-0.00311728	0.0031881	1.01972e+07	-3.17539e+06	4.90477e+06	-4.78146e+06	1.18033e+07	9.26753e-315	0.00661886	-0.00416122	-0.00105328
0.0168226	-0.00330058	-0.00787631	3.47966e+07	3.83782e+06	-1.21174e+07	-340940	3.89754e+07	9.26753e-315	0.0195388	-0.00601678	-0.00579516
0.00527026	-0.00293429	0.00288385	9.6483e+06	-2.97408e+06	4.4367e+06	-4.37752e+06	1.10517e+07	9.26753e-315	0.00618249	-0.00384652	-0.00100113
0.0159105	-0.00311728	-0.00757339	3.29128e+07	3.63928e+06	-1.16514e+07	-431962	3.6984e+07	9.26753e-315	0.0185568	-0.00576358	-0.00548281
0.00496599	-0.0027516	0.00257979	9.10001e+06	-2.7732e+06	3.96891e+06	-3.97771e+06	1.03045e+07	9.26753e-315	0.00574892	-0.00353454	-0.000949022
0.0149984	-0.00293429	-0.00726993	3.10288e+07	3.44007e+06	-1.11845e+07	-524443	3.49933e+07	9.26753e-315	0.0175753	-0.00551122	-0.00517033
0.00466191	-0.00256915	0.00227579	8.55201e+06	-2.5727e+06	3.50122e+06	-3.58289e+06	9.5622e+06	9.26753e-315	0.00531854	-0.00322577	-0.000896898
0.0140863	-0.0027516	-0.00696618	2.91447e+07	3.24022e+06	-1.07172e+07	-618812	3.30038e+07	9.26753e-315	0.0165947	-0.00525997	-0.00485774
0.00435796	-0.00238688	0.00197173	8.00417e+06	-2.37251e+06	3.03343e+06	-3.19421e+06	8.82587e+06	9.26753e-315	0.00489207	-0.00292098	-0.00084475
0.0131743	-0.00256915	-0.00666234	2.72606e+07	3.03987e+06	-1.02498e+07	-715404	3.10159e+07	9.26753e-315	0.0156152	-0.00501008	-0.00454507
0.00405417	-0.00220476	0.00166742	7.45657e+06	-2.17256e+06	2.56527e+06	-2.81332e+06	8.09733e+06	9.26753e-315	0.00447067	-0.00262126	-0.000792601
0.0122623	-0.00238688	-0.00635857	2.53763e+07	2.83913e+06	-9.78241e+06	-814640	2.903e+07	9.26753e-315	0.0146372	-0.00476183	-0.00423231
0.00375066	-0.00202274	0.00136257	6.90952e+06	-1.97263e+06	2.09626e+06	-2.44251e+06	7.3794e+06	9.26753e-315	0.00405608	-0.00232816	-0.000740534
0.0113502	-0.00220476	-0.00605494	2.34918e+07	2.63801e+06	-9.31529e+06	-917049	2.70468e+07	9.26753e-315	0.013661	-0.00451555	-0.00391947
0.00344761	-0.00184055	0.00105676	6.36362e+06	-1.77202e+06	1.62579e+06	-2.08488e+06	6.67647e+06	9.26753e-315	0.00365097	-0.00204391	-0.00068874
0.010438	-0.00202274	-0.00575142	2.1607e+07	2.4366e+06	-8.84834e+06	-1.0231e+06	2.50667e+07	9.26753e-315	0.0126868	-0.00427155	-0.00360653
0.00314513	-0.00165742	0.000749674	5.81956e+06	-1.56898e+06	1.15334e+06	-1.74483e+06	5.99541e+06	9.26753e-315	0.00325943	-0.00177173	-0.000637588
0.00952556	-0.00184055	-0.00544763	1.97218e+07	2.23542e+06	-8.38097e+06	-1.13271e+06	2.30899e+07	9.26753e-315	0.0117149	-0.00402984	-0.00329358
0.00284283	-0.00147162	0.000441716	5.27769e+06	-1.35994e+06	679564	-1.4288e+06	5.34655e+06	9.26753e-315	0.00288759	-0.00151638	-0.000587663
0.00861281	-0.00165742	-0.00514246	1.78365e+07	2.03609e+06	-7.91148e+06	-1.24426e+06	2.11168e+07	9.26753e-315	0.010745	-0.00378965	-0.00298088
0.00253903	-0.00127985	0.000135472	4.73644e+06	-1.13878e+06	208418	-1.14616e+06	4.74382e+06	9.26753e-315	0.00254383	-0.00128465	-0.000539649
0.00769975	-0.00147162	-0.00483347	1.59522e+07	1.84242e+06	-7.43611e+06	-1.35291e+06	1.91476e+07	9.26753e-315	0.00977672	-0.00354859	-0.0026692
0.0022291	-0.0010769	-0.000161744	4.18907e+06	-897087	-248837	-909232	4.20121e+06	9.26753e-315	0.00223699	-0.0010848	-0.000493797
0.00678666	-0.00127985	-0.00451635	1.40719e+07	1.66185e+06	-6.94823e+06	-1.44872e+06	1.71824e+07	9.26753e-315	0.00880853	-0.00330173	-0.00236006
0.00190287	-0.000856342	-0.000434659	3.61751e+06	-627432	-668707	-730282	3.72036e+06	9.26753e-315	0.00196972	-0.000923194	-0.000448511
0.00587418	-0.0010769	-0.00418541	1.22002e+07	1.50626e+06	-6.43909e+06	-1.51647e+06	1.5223e+07	9.26753e-315	0.00783895	-0.00304168	-0.00205597
0.00154135	-0.000614642	-0.000658796	2.98233e+06	-334585	-1.01353e+06	-619765	3.26751e+06	9.26753e-315	0.00172672	-0.000800009	-0.000397161
0.00496216	-0.000856342	-0.0038379	1.03412e+07	1.38968e+06	-5.90446e+06	-1.54368e+06	1.32746e+07	9.26753e-315	0.00686884	-0.00276303	-0.00175963
0.00111521	-0.000365871	-0.000809068	2.20979e+06	-68805.9	-1.24472e+06	-616911	2.75789e+06	9.26753e-315	0.00147148	-0.000722139	-0.000321147
0.00404417	-0.000614642	-0.00348926	8.48304e+06	1.31563e+06	-5.36809e+06	-1.55507e+06	1.13537e+07	9.26753e-315	0.00591013	-0.0024806	-0.0014698
0.000599542	-0.000195988	-0.000896151	1.18845e+06	-35440.2	-1.37869e+06	-931896	2.08491e+06	9.26753e-315	0.00118224	-0.000778684	-0.000172952
0.00309023	-0.000365871	-0.00321695	6.55047e+06	1.2334e+06	-4.94916e+06	-1.72607e+06	9.50994e+06	9.26753e-315	0.00501388	-0.00228953	-0.00116758
7.93409e-05	-0.000481361	-0.0010571	-143005	-1.00562e+06	-1.62631e+06	-2.25685e+06	1.10822e+06	9.26753e-315	0.000892636	-0.00129466	0.000172294
0.0020107	-0.000195988	-0.00327383	4.28989e+06	894993	-5.03667e+06	-2.72257e+06	7.90745e+06	9.26753e-315	0.00436211	-0.0025474	-0.000777733
0.000209257	-0.00261417	-0.00158452	-1.26372e+06	-5.60745e+06	-2.43773e+06	-6.70047e+06	-170695	9.26753e-315	0.000919723	-0.00332463	0.00103067
0.000735554	-0.000481361	-0.00424362	1.29922e+06	-572957	-6.52865e+06	-6.23228e+06	6.95855e+06	9.26753e-315	0.00441412	-0.00415992	-0.00010894
0.00124657	-0.00592828	-0.000517615	-1.16905e+06	-1.22073e+07	-796331	-1.22644e+07	-1.11189e+06	9.26753e-315	0.00128372	-0.00596543	0.00200645
0.00189295	-0.00261417	-0.00447811	2.43669e+06	-4.49732e+06	-6.88939e+06	-8.7429e+06	6.68227e+06	9.26753e-315	0.00465257	-0.00537379	0.000309094
0.0246645	-0.00770494	0.0077546	4.91276e+07	-671601	1.19301e+07	-3.38212e+06	5.18381e+07	9.26753e-315	0.0264264	-0.00946678	-0.0072684
0.0430102	0	-0.018296	9.4528e+07	2.83584e+07	-2.81477e+07	1.80047e+07	1.04882e+08	9.26753e-315	0.0497401	-0.00672988	-0.018433
0.0257811	-0.00949521	0.00735564	5.04012e+07	-3.87007e+06	1.13164e+07	-6.13517e+06	5.26663e+07	9.26753e-315	0.0272534	-0.0109675	-0.00697966
0.0427603	-0.00770494	-0.0114138	8.88984e+07	1.12596e+07	-1.75597e+07	7.47284e+06	9.26853e+07	9.26753e-315	0.0452217	-0.0101664	-0.0150237
0.0252341	-0.00964741	0.00701711	4.90986e+07	-4.56524e+06	1.07956e+07	-6.65556e+06	5.11889e+07	9.26753e-315	0.0265928	-0.0110061	-0.00668
0.0417151	-0.00949521	-0.00961607	8.54209e+07	6.63583e+06	-1.47939e+07	3.94948e+06	8.81072e+07	9.26753e-315	0.0434612	-0.0112413	-0.0138085
0.0242372	-0.00933423	0.00666955	4.71142e+07	-4.53421e+06	1.02608e+07	-6.49803e+06	4.9078e+07	9.26753e-315	0.0255137	-0.0106107	-0.006387
0.0403098	-0.00964741	-0.00908985	8.2232e+07	5.3748e+06	-1.39844e+07	2.90938e+06	8.46974e+07	9.26753e-315	0.0419123	-0.0112499	-0.013141
0.0232331	-0.00894799	0.00636479	4.51619e+07	-4.34741e+06	9.79199e+06	-6.21372e+06	4.70282e+07	9.26753e-315	0.0244462	-0.0101611	-0.00612217
0.0387491	-0.00933423	-0.00876497	7.90083e+07	5.03403e+06	-1.34846e+07	2.65263e+06	8.13897e+07	9.26753e-315	0.040297	-0.0108821	-0.0126064
0.0222911	-0.00857754	0.00608113	4.3336e+07	-4.15428e+06	9.35558e+06	-5.93087e+06	4.51126e+07	9.26753e-315	0.0234459	-0.00973232	-0.00587726
0.0371814	-0.00894799	-0.00843872	7.58177e+07	4.84933e+06	-1.29826e+07	2.5489e+06	7.81181e+07	9.26753e-315	0.0386767	-0.0104433	-0.0121
0.0213766	-0.00821716	0.00579331	4.15637e+07	-3.96522e+06	8.91279e+06	-5.64782e+06	4.32463e+07	9.26753e-315	0.0224703	-0.00931085	-0.00563977
0.0356461	-0.00857754	-0.00811575	7.26875e+07	4.65116e+06	-1.24858e+07	2.43219e+06	7.49064e+07	9.26753e-315	0.0370884	-0.0100199	-0.0116008
0.0204676	-0.00785696	0.00549719	3.98034e+07	-3.77292e+06	8.45721e+06	-5.35672e+06	4.13872e+07	9.26753e-315	0.0214971	-0.00888643	-0.00540457
0.0341299	-0.00821716	-0.00780486	6.95928e+07	4.44351e+06	-1.20075e+07	2.30091e+06	7.17354e+07	9.26753e-315	0.0355226	-0.00960985	-0.0111054
0.0195578	-0.0074944	0.00519569	3.80428e+07	-3.57597e+06	7.99337e+06	-5.05838e+06	3.95252e+07	9.26753e-315	0.0205214	-0.00845797	-0.00517003
0.0326183	-0.00785696	-0.00750223	6.65081e+07	4.2385e+06	-1.15419e+07	2.16802e+06	6.85786e+07	9.26753e-315	0.0339641	-0.00920278	-0.010612
0.0186466	-0.00713013	0.00489183	3.62804e+07	-3.37613e+06	7.52589e+06	-4.75634e+06	3.76606e+07	9.26753e-315	0.0195438	-0.00802726	-0.00493564
0.0311049	-0.0074944	-0.00720221	6.34211e+07	4.03754e+06	-1.10803e+07	2.03744e+06	6.54212e+07	9.26753e-315	0.032405	-0.00879447	-0.0101188
0.0177348	-0.00676514	0.0045873	3.45169e+07	-3.1752e+06	7.05738e+06	-4.45327e+06	3.5795e+07	9.26753e-315	0.0185655	-0.00759589	-0.00470126
0.0295887	-0.00713013	-0.00690171	6.0329e+07	3.83845e+06	-1.0618e+07	1.9086e+06	6.22589e+07	9.26753e-315	0.0308431	-0.00838453	-0.00962512
0.0168226	-0.00640002	0.00428278	3.2753e+07	-2.97412e+06	6.5889e+06	-4.15053e+06	3.39294e+07	9.26753e-315	0.0175873	-0.00716468	-0.00446684
0.0280704	-0.00676514	-0.00659989	5.72327e+07	3.63953e+06	-1.01537e+07	1.78033e+06	5.90919e+07	9.26753e-315	0.0292789	-0.00797362	-0.00913084
0.0159105	-0.00603497	0.00397846	3.0989e+07	-2.77324e+06	6.12072e+06	-3.8486e+06	3.20644e+07	9.26753e-315	0.0166095	-0.00673396	-0.00423237
0.026551	-0.00640002	-0.00629696	5.4134e+07	3.44016e+06	-9.68764e+06	1.65193e+06	5.59222e+07	9.26753e-315	0.0277133	-0.00756237	-0.00863612
0.0149984	-0.00567004	0.00367431	2.9225e+07	-2.57256e+06	5.65279e+06	-3.54759e+06	3.02e+07	9.26753e-315	0.0156322	-0.0063038	-0.00399787
0.025031	-0.00603497	-0.00599338	5.10341e+07	3.2403e+06	-9.22058e+06	1.52312e+06	5.27513e+07	9.26753e-315	0.0261472	-0.00715113	-0.00814116
0.0140863	-0.00530518	0.00337023	2.74611e+07	-2.37203e+06	5.18497e+06	-3.24748e+06	2.83365e+07	9.26753e-315	0.0146554	-0.00587422	-0.00376336
0.0235109	-0.00567004	-0.00568949	4.79339e+07	3.04009e+06	-8.75306e+06	1.39385e+06	4.95801e+07	9.26753e-315	0.024581	-0.00674009	-0.00764609
0.0131743	-0.00494034	0.00306609	2.56972e+07	-2.17153e+06	4.71706e+06	-2.94829e+06	2.64739e+07	9.26753e-315	0.0136792	-0.00544523	-0.00352884
0.0219908	-0.00530518	-0.00538552	4.48334e+07	2.83967e+06	-8.28542e+06	1.26406e+06	4.6409e+07	9.26753e-315	0.0230149	-0.00632932	-0.00715096
0.0122623	-0.00457545	0.00276169	2.39333e+07	-1.97093e+06	4.24876e+06	-2.65e+06	2.46123e+07	9.26753e-315	0.0127037	-0.00501685	-0.00329435
0.0204704	-0.00494034	-0.0050816	4.17326e+07	2.63911e+06	-7.81784e+06	1.13368e+06	4.3238e+07	9.26753e-315	0.021449	-0.00591887	-0.00665576
0.0113502	-0.00421042	0.00245676	2.21694e+07	-1.77002e+06	3.77963e+06	-2.35259e+06	2.27519e+07	9.26753e-315	0.0117289	-0.00458908	-0.0030599
0.0189497	-0.00457545	-0.00477775	3.8631e+07	2.43839e+06	-7.35039e+06	1.00255e+06	4.00668e+07	9.26753e-315	0.019883	-0.00550875	-0.00616041
0.010438	-0.00384507	0.00215098	2.04054e+07	-1.56852e+06	3.30921e+06	-2.05606e+06	2.0893e+07	9.26753e-315	0.0107549	-0.00416197	-0.00282553
0.0174282	-0.00421042	-0.00447391	3.55277e+07	2.23747e+06	-6.88294e+06	870515	3.68946e+07	9.26753e-315	0.0183167	-0.00509894	-0.00566477
0.00952556	-0.00347926	0.00184429	1.86413e+07	-1.36614e+06	2.83737e+06	-1.76074e+06	1.90359e+07	9.26753e-315	0.00978205	-0.00373575	-0.00259127
0.0159055	-0.00384507	-0.00416979	3.24218e+07	2.0364e+06	-6.41506e+06	737552	3.37207e+07	9.26753e-315	0.0167497	-0.00468933	-0.00516873
0.00861281	-0.00311298	0.00153764	1.68768e+07	-1.16293e+06	2.3656e+06	-1.46798e+06	1.71818e+07	9.26753e-315	0.0088111	-0.00331126	-0.00235707
0.0143814	-0.00347926	-0.00386469	2.93135e+07	1.83553e+06	-5.94567e+06	604186	3.05449e+07	9.26753e-315	0.0151818	-0.00427964	-0.00467236
0.00769975	-0.00274681	0.00123477	1.51114e+07	-960193	1.89964e+06	-1.18168e+06	1.53329e+07	9.26753e-315	0.00784371	-0.00289078	-0.00212269
0.0128579	-0.00311298	-0.00355719	2.62065e+07	1.63601e+06	-5.47259e+06	472218	2.73703e+07	9.26753e-315	0.0136143	-0.00386944	-0.00417638
0.00678666	-0.00238294	0.000945405	1.33446e+07	-762507	1.45447e+06	-910905	1.3493e+07	9.26753e-315	0.00688311	-0.0024794	-0.00188731
0.0113409	-0.00274681	-0.00324495	2.31139e+07	1.44056e+06	-4.99223e+06	345936	2.42086e+07	9.26753e-315	0.0120524	-0.00345832	-0.00368317
0.00587418	-0.00202681	0.00069056	1.15739e+07	-581446	1.0624e+06	-673602	1.16661e+07	9.26753e-315	0.00593408	-0.00208671	-0.00164887
0.00984595	-0.00238294	-0.00292508	2.00683e+07	1.25461e+06	-4.50013e+06	233611	2.10893e+07	9.26753e-315	0.0105096	-0.00304659	-0.00319843
0.00496216	-0.00168985	0.000509709	9.79165e+06	-442202	784167	-501939	9.85139e+06	9.26753e-315	0.00500099	-0.00172868	-0.00140242
0.00840511	-0.00202681	-0.00259628	1.71364e+07	1.0873e+06	-3.99428e+06	148164	1.80755e+07	9.26753e-315	0.00901554	-0.00263725	-0.00273356
0.00404417	-0.00139311	0.000468183	7.96976e+06	-395295	720282	-456863	8.03133e+06	9.26753e-315	0.00408419	-0.00143313	-0.00113617
0.00707481	-0.00168985	-0.00226572	1.44349e+07	950758	-3.48572e+06	102981	1.52826e+07	9.26753e-315	0.00762587	-0.0022409	-0.00230784
0.00309023	-0.00117386	0.000656367	6.01773e+06	-542398	1.00979e+06	-694316	6.16965e+06	9.26753e-315	0.00318897	-0.00127261	-0.0008213
0.00593507	-0.00139311	-0.00196922	1.21256e+07	851446	-3.02957e+06	88917.5	1.28881e+07	9.26753e-315	0.00643071	-0.00188876	-0.00194655
0.0020107	-0.00112037	0.00114045	3.68041e+06	-1.13663e+06	1.75454e+06	-1.70793e+06	4.25172e+06	9.26753e-315	0.00238205	-0.00149172	-0.000381567
0.00504235	-0.00117386	-0.00183771	1.03081e+07	744715	-2.82725e+06	-28584.3	1.10814e+07	9.26753e-315	0.00554499	-0.0016765	-0.00165792
0.000735554	-0.00176081	0.00164758	455629	-3.38493e+06	2.53473e+06	-4.64464e+06	1.71534e+06	9.26753e-315	0.00155437	-0.00257962	0.000439395
0.00414383	-0.00112037	-0.00240113	8.3686e+06	269832	-3.69405e+06	-1.16198e+06	9.80041e+06	9.26753e-315	0.0050745	-0.00205105	-0.00129577
0.00189295	-0.00945365	-0.000281121	-2.07286e+06	-1.95292e+07	-432495	-1.95399e+07	-2.06215e+06	9.26753e-315	0.00189991	-0.00946061	0.0032403
0.000725027	-0.00176081	-0.00680605	432495	-3.39187e+06	-1.04708e+07	-1.21237e+07	9.16432e+06	9.26753e-315	0.00640072	-0.0074365	0.000443906
